0.0997933473868365   2.758531617629164e-12
0.10609472508649881   1.6972865859613938e-12
0.11633776765025061   1.19976460444273e-12
0.13997544578841672   1.2859612197790042e-12
0.20272895080721015   2.5736301718619323e-12
0.33227174500146034   8.371189899725151e-12
0.6357997229019384   6.710300918682495e-11
0.8398616005050166   2.1826447283974737e-10
1.127037877490771   1.076502557445228e-9
1.3160991786959555   3.501516043151701e-9
1.7408275223686391   5.617320327459154e-8
1.9407355164958164   1.5361749466717983e-7