1    0.07758824319047046
1.3522134201435885    0.07758824319047046
1.854943702098892    0.07758824319047046
2.656666096558816    0.07758824319047046
3.697112913058584    0.07758824319047046
4.268400976693    0.07758824319047046
4.788364556455327    0.06675592159647425
5.145036446096686    0.060388241190619696
5.771789083238274    0.05195726218950026
6.5685982294179475    0.04251786303382894
7.693349185285382    0.03479337826481472
9.01069293927206    0.029935772947204935
10.254640430056027    0.025756352117519192
11.670317816671158    0.02329951810515374
13.473647448269737    0.01906654965644703
15.555632538210332    0.014839817889675677
17.703124434103024    0.01276798750446276
20.292347613436018    0.010985411419875595
20.43865994953606    0.0026995570942284705
22.928435125517616    0.0027680687394178545
26.471400031663226    0.002838319131135913
31.004137679616562    0.002910352396763952
36.83856055925499    0.0030599496872071993
44.404388841170245    0.003217236544499067
60.913196245110946    0.0036467396740964496
73.42342400365274    0.003931495864107316
87.24039609089586    0.0042384872820192794
96.47157657234771    0.00456945016878919
98.57340314681635    0.0046854175433425765
100.72102222417658    0.0013382295400150336
112.99054974958231    0.001516884036694455
136.19631794211213    0.001900691202813778
166.5439501329292    0.0023226640315224404
186.83182584369897    0.002632741160370139
212.62440167811988    0.0033826082260546087
238.52565735795415    0.0043460552002626985
271.45468900488015    0.005870937850692421
289.5866061320463    0.0068236007057045816
336.74495038973964    0.006490003006073218
388.7797070149222    0.005870937850692421
461.9410779643961    0.005310923772213743
503.533165774816    0.00505127904361073
581.340496526102    0.0046854175433425765
710.8763594097042    0.004133581745292442
894.6188928878024    0.0037392897206147808
1142.1478034980353    0.0033826082260546087
1318.63562585802    0.0031376076807038003
1376.719785210873    0.002984213783585316
1458.1646055165372    0.0026995570942284705
1566.779210592208    0.002265176465640941
1683.4842139611255    0.001900691202813778
1888.5611228889222    0.001516884036694455
2180.386785864924    0.0011806164864595905
2666.2264708942216    0.0008739701476976841
2991.01804221874    0.000771036308938314
3873.856470677848    0.0006001105924848521
4283.761398239258    0.000542867543932387
5163.5515596285295    0.0004670762181205309
5792.5596513921955    0.00042252298582235126
6882.615530739282    0.00037275937203149455
8296.153042669404    0.00032885678199702766
10144.724317883092    0.00030503785720668663