1.0054939140467891 0.07860107613164828
1.1952773192859985 0.07860107613164828
1.3007054805008431 0.07860107613164828
1.564134701964282 0.07860107613164828
1.8917873064027813 0.07860107613164828
2.240231450216038 0.07860107613164828
2.56761527729702 0.07860107613164828
2.7620675375298607 0.07860107613164828
3.052243541936088 0.07860107613164828
3.3729047218092645 0.07860107613164828
3.7272537745094017 0.07860107613164828
4.040458077478146 0.07860107613164828
4.177865100171163 0.07932232083416811
4.282924811779593 0.07752797733404307
4.370085793717836 0.0761968856806971
4.462119360364106 0.07489179831066922
4.561633521324636 0.07086270765821172
4.667418396491935 0.06814700234222829
4.775656436684841 0.06573786354894763
4.886404531119638 0.06334871495149308
4.999720888280942 0.06098365200527697
5.115665066515703 0.058767288424376944
5.234298005336688 0.056631475406803536
5.3556820574519 0.05457328545757888
5.479881021536757 0.05258989747734163
5.606960175766264 0.05067859289555042
5.7369863121248015 0.04883675194422075
5.870027771511564 0.04711027081368186
6.006154479660094 0.0454448243952285
6.145437983890801 0.04391345421476594
6.287951490715757 0.04236102193660846
6.43376990431559 0.04086347138026864
6.582969865908624 0.03945941943226895
6.735629794033012 0.03802532328883741
6.891829925763014 0.036643347317932354
7.051652358881089 0.035311597286453285
7.215181095027957 0.0340282478044916
7.382502083853321 0.032791539823323314
7.55370326819045 0.031599778224333505
7.728874630278364 0.030451329495568127
7.9081082390559185 0.029344619492727955
8.091498298552647 0.028278131281536164
8.279141197401794 0.027250403058521847
8.471135559501546 0.026260026147369848
8.667582295851137 0.025305643068090227
8.868584657589004 0.0243859456763611
9.074248290260929 0.023499673370494325
9.284681289346649 0.022645611363566593
9.499994257074151 0.021822589018347233
9.720300360551485 0.02084646188875876
9.945715391246667 0.01991399704746787
10.179135541931059 0.018716926871087267
10.35723911517497 0.017505880465921223
10.558291150598146 0.01670524320240474
10.68234566908228 0.01573893128393728
10.86622193167509 0.015195022656397043
10.975507054177259 0.01430471681855856
11.174997471585174 0.013751761993462617
11.30382966650976 0.012968861983370149
11.503007136066206 0.012447231394598622
11.643562535457171 0.011709922013363799
11.86711411187692 0.010972106216374924
12.071663448747858 0.010435467855539783
12.308533283499484 0.009792046382401179
12.53225273721438 0.009125341508224366
12.757717067736568 0.008707820413887735
12.871965802703462 0.00821503270352301
13.098774384612252 0.007895737075849125
13.258828485542848 0.007403848818111494
13.513392498953353 0.0069424094838520896
13.803461730121521 0.006584685159761325
13.9397511000752 0.00618959396082383
14.22317163253888 0.005873601131975538
14.421543386244505 0.005460316714702769
14.685672708929182 0.005119518365123778
14.974651914286323 0.004804879665494516
15.286830283690195 0.004541908085684436
15.52226185299758 0.00425844557694844
15.836777129466308 0.004073197230166805
16.04779645669052 0.0038468124927482556
16.37519463487927 0.003692005526115161
16.722958720714615 0.003431342537430387
17.11076631034863 0.0031636052509455867
17.26399775410084 0.002977368567292856
17.585784934101678 0.0028721123730242083
17.75457306730973 0.0027141769558825827
18.095378686539746 0.0026129225567232536
18.364037961278733 0.0024315388290587726
18.71824527240584 0.002325006239601864
19.006523861059044 0.0021744535974361464
19.373123501339364 0.002082537060928591
19.575087257230148 0.001962073062994347
19.93632362168515 0.001844183112139749
20.32862318276923 0.0017157435595382918
20.762330383581173 0.0016076158808021699
21.051904326412892 0.001497037118792084
21.437468137583178 0.0014048578626335614
21.84631821871099 0.0013105146970289747
22.272419381482123 0.0012176390796335937
22.706831427537903 0.001132307682404776
23.134979072189456 0.0010552543036276864
23.62229057085628 0.0009729426801758873
24.01360628781863 0.0009248274290312013
24.245411944153073 0.00087712567936849
24.69283393263921 0.0008243514586821395
25.174454915428004 0.000768254457682923
25.65457588253404 0.0007168785771065087
26.14940378261893 0.0006626849756568037
26.63196181318965 0.0006231754845097395
27.081509608377406 0.0005790532685484403
27.58628739688096 0.0005399374237865022
28.118374332413982 0.0005028912739996413
28.704561463816095 0.00046516131007585986
29.221509048176312 0.0004398718229580718
29.578567061484435 0.0004125323377531494
30.120295964882178 0.0003888065352322993
30.748217397320182 0.00035905943034748134
31.301969689511232 0.0003394546095566377
31.68444887946482 0.00031830728222394933
32.264746826642416 0.00030004688575592064
32.921995808321796 0.0002783281883500045
33.58550327662032 0.0002618401889129922
33.93563031652484 0.00024676476826521995
34.58829595949433 0.00023223673275770733
44.13653874546697 0.00008448765483486859
44.844831720924454 0.0000788138902330269
45.65162282012675 0.00007295879024346087
46.3842295147342 0.00006761742622914267
47.12859291229827 0.00006308955530000667
47.88490168167141 0.00005832259678631233
48.83960209068711 0.000053238155282386736
49.84506870521682 0.000049122856064870455
50.64497085043718 0.00004539641637643428
51.410918041652884 0.00004196108664936995
52.03200795654475 0.00003876094432011352
52.81893249571219 0.000035936072366431853
53.61775836743748 0.00003319103621546345
54.26550888910963 0.00003078430357635609
55.08621257232925 0.00002852190244124858
55.919328458980466 0.000026230833559309235
56.5794402091738 0.000024294509041399037
57.24734439062036 0.000022600507070775922
58.1131449213393 0.00002091188268329323
58.99203969366844 0.000019250757361020283
59.688423925074716 0.000017808750511969625
60.39302877404684 0.000016542665911568104
61.306404178982845 0.000015313407930105762
62.13176777995226 0.000014232250643158072
62.9682431902494 0.00001315891133062275
63.920565764385955 0.000012222232453476799
64.69278342286616 0.000011294091024673366
65.65326712294814 0.000010488073722620706
66.4464173650179 0.000009696749094399502
67.45134334073582 0.000008924919010090133
68.49015749121041 0.000008163636141241219
69.54497035699262 0.000007493829063280658
70.61602833335095 0.0000068768562121457915
71.70358161027282 0.000006295123481256454
72.78801617528985 0.000005784993847617685
73.66736057320222 0.000005334391863119082
74.78149504633582 0.0000049396345542858794
75.91247952759468 0.000004555782323681935
76.82957023993764 0.000004200925497543707
77.99152951327547 0.000003875416606030834
79.1710620900781 0.000003561291095342433
80.12751939697905 0.0000032908509921781465
81.31716022300044 0.000003031848026729416
82.29954431661326 0.0000027981580843916114
83.54423068426468 0.0000025731078981963787
84.83089044116404 0.00000236308374532067
86.13736596890078 0.0000021681947248296203
87.46396244898997 0.000001995833277052303
88.8109897630289 0.0000018250284286997279
90.15415428688588 0.0000016767295212482713
91.24329717999323 0.0000015461265042626924
92.62324756832822 0.0000014302905677925286
94.04973272742781 0.000001306876941729612
95.47212723980492 0.0000012090455288279
96.59914851748673 0.0000011166741874406275
97.73947396044764 0.0000010385973556603256
99.36942734846714 9.694540668030855e-7
101.4908395888298 9.254184285975719e-7
103.87277051465948 8.851029165883566e-7
106.28159358446707 8.520584560462002e-7
108.74627757483054 8.239109935372848e-7
111.26811790776922 7.969665118152969e-7
113.84844004630773 7.735502504361894e-7
116.48860019113076 7.492793771632426e-7
119.18998599339342 7.260188490621813e-7
121.95401728406176 7.02275748458089e-7
124.78214682016673 6.802411803303213e-7
127.67586104836397 6.568683751796177e-7
130.63668088620054 6.364766417818412e-7
133.6661625214994 6.150290652369524e-7
136.76589823028166 5.957319445998303e-7
139.93751721365678 5.770402894373199e-7
143.18268645411987 5.59126728385208e-7
146.50311159170715 5.410269476875833e-7
149.90053782046937 5.249506611279027e-7
153.37675080573453 5.091775048805273e-7
156.93357762264168 4.921882563062497e-7
160.57288771644062 4.7609215177572955e-7
164.29659388505965 4.6068032633163514e-7
168.10665328446007 4.462260438678529e-7
172.00506845730467 4.3045102169658453e-7
175.99388838548128 4.1665946775286056e-7
180.07520956703445 4.019296857690534e-7
184.25117711807127 3.887853204714955e-7
188.52398590022057 3.7658681205109974e-7
192.8958816742381 3.6452105527248515e-7
197.36916228036387 3.527209555363237e-7
201.94617884605222 3.418883067305637e-7
206.62933702170912 3.3048084003769144e-7
211.42109824508668 3.2011169002685774e-7
216.32398103499887 3.0985538345887446e-7
221.34056231503882 2.9910633502913436e-7
226.4734787679932 2.891263342882464e-7
231.7254282216658 2.8130547590107716e-7
237.09917106683824 2.7191941974270414e-7
242.59753170811385 2.6329742080710905e-7
248.2234000484063 2.5477408372998166e-7
253.97973300785398 2.4652666000858476e-7
259.8695560779583 2.380561060999896e-7
265.89596491176235 2.3066592439429235e-7
272.0621269509066 2.2335198794765134e-7
278.3712830904145 2.168638425838827e-7
284.82674938208817 2.099875414293116e-7
291.4319187774019 2.036082550872351e-7
298.1902629108168 1.9701714688543578e-7
305.10533392444876 1.9024771933730536e-7
312.1807663350519 1.8371088651533872e-7
319.42027894429685 1.780077904893421e-7
326.82767679334927 1.7236353388722452e-7
334.4068531627745 1.6729919366477632e-7
342.16179161882127 1.6177252146519225e-7
350.09656810715796 1.5680421752989e-7
358.2153530951638 1.5172822705104038e-7
366.5224137638992 1.4696760992421775e-7
375.02211625090894 1.4211258470732963e-7
383.7189279450359 1.375121846781559e-7
392.6174198344516 1.3287838837970426e-7
401.7222689091385 1.2884162847300724e-7
411.0382606190854 1.24841886306034e-7
420.5702913894893 1.20759163839534e-7
430.323371194285 1.168500064486209e-7
440.30262618935495 1.1283508863483042e-7
450.51330140680386 1.0929478063873932e-7
460.9607635117136 1.0579300044315423e-7
471.6505036228285 1.0226310455278268e-7
482.5881401986499 9.881710886553553e-8
493.7794219904645 9.542179394215976e-8
505.23023106384943 9.23328456654159e-8
516.946585890248 8.906868682142933e-8
528.9346445102399 8.62149461237009e-8
541.2007077701674 8.339544613133089e-8
553.7512226338197 8.077883485953189e-8
566.5927855709155 7.816390138963741e-8
579.7321460241649 7.58153160447324e-8
593.1762099567331 7.348690124566977e-8
606.9320434819703 7.125441648849286e-8
621.0068765773146 6.904240397677732e-8
635.4081068843225 6.67845001417923e-8
650.143303596821 6.4689073065627e-8
665.2202114392275 6.25949896019337e-8
680.6467547371262 6.056869479782514e-8
696.4310415822438 5.856782847939596e-8
712.5813680940093 5.671076451799416e-8
729.1062227799414 5.4987927995999165e-8
746.0142909971527 5.3226127147620995e-8
763.3144595173183 5.153843741936667e-8
781.015821197505 4.99727328652611e-8
799.127679759319 4.845459340768327e-8
817.6595546788822 4.6902119130425683e-8
836.6211861902042 4.5321641978347964e-8
856.0225404045924 4.376440913549731e-8
875.8738145487713 4.2347688797334735e-8
896.1854423244807 4.0934713155975784e-8
916.9680993923624 3.962317415105871e-8
938.2327089830175 3.832737169174622e-8
959.9904476381871 3.712481402895585e-8
982.25275108507 3.592302746027438e-8
1005.0313202468676 3.4879500486502715e-8
1028.3381273927132 3.391275374960386e-8
1052.18542243022 3.305201445906335e-8
1076.585739343953 3.234589938898029e-8
1101.5519027832115 3.163317558987843e-8
1127.097034802581 3.094676243379405e-8
1153.2345617588012 3.027524386265302e-8
1179.9782213675724 2.9547313555089546e-8
1207.34206992401 2.894582306392868e-8
1235.340489690543 2.8249857013871666e-8
1263.9881964561391 2.7608453370378365e-8
1293.3002472708263 2.7027896280873864e-8
1323.2920483595838 2.6378044377391808e-8
1353.9793632197536 2.5849929621560314e-8
1385.3783209062326 2.5245702059737132e-8
1417.5054245088006 2.4630256529581283e-8
1450.3775598260393 2.4161968316168198e-8
1484.0120042403928 2.359719590021738e-8
1518.4264357990578 2.3085156706852586e-8
1553.6389425054454 2.2591971123077436e-8
1589.66803182612 2.1995933452798408e-8
1626.532640418205 2.1599931672249237e-8
1664.2521440823675 2.1051704005437873e-8
1702.846367946615 2.0616089404570513e-8
1742.335596886253 2.0154915482057118e-8
1782.7405861854868 1.9683805671749614e-8
1824.082572446264 1.930956295202311e-8
1866.3832847500958 1.8858212781512742e-8
1909.664956078722 1.8467987228665887e-8
1953.9503349996235 1.8036308417221413e-8
1999.262697622522 1.7614719855133523e-8
2045.625859833154 1.7238403332568572e-8
2093.064189810746 1.6841237235295593e-8
2141.602620835773 1.6492748161229628e-8
2191.26666439473 1.6145934750787538e-8
2242.0824235888053 1.5763128368014138e-8
2294.0766068535004 1.544224058893967e-8
2347.2765419964144 1.508645738155455e-8
2401.71019056056 1.4728770306248162e-8
2457.4061625207746 1.4438834158535455e-8
2514.3937313209376 1.4062718045244362e-8
2572.7028492598943 1.3776445279081676e-8
2632.3641632342083 1.3472889013746481e-8
2693.4090308459604 1.3166991532652823e-8
2755.8695368841068 1.2916651186686694e-8
2819.778510188035 1.2610408371102413e-8
2885.1695409021913 1.2353700067969174e-8
2957.7221659010684 1.2045723856887127e-8
3067.0551450769194 1.1552564823382943e-8
3138.18055314323 1.1401496846999471e-8
3285.4178416651207 1.0897108027711599e-8
3361.607109090538 1.0752399516720747e-8
3413.3790214098917 1.063145582238127e-8
5575.533034922573   6.382700141599148e-9
5953.973432834487   5.920482772070758e-9
6077.424165940338   5.87824730103496e-9
6516.622727391251   5.433077483309583e-9
6684.974221242179   5.298628348394189e-9
6845.622604813721   5.192229309367776e-9
7001.915649755858   5.1123092361124124e-9
7492.532567185962   4.725145230543061e-9
7638.4727906869175   4.61151523987963e-9
8166.985685978132   4.3258107498759455e-9
8358.346349722919   4.209424096892166e-9
8596.930867190778   4.087450182998284e-9
8793.208193586988   4.041377916718719e-9
9481.33596282698   3.6628070053123946e-9
10047.99984576266   3.3750447694246247e-9