0.006034613325831531  7.381986693275894e-13
0.006914902280389765  3.064624522713618e-13
0.008319769649099116  1.854709857323642e-13
0.010308025944178345  1.209747577898945e-13
0.012772437880134803  8.66706461556481e-14
0.015893177424366692  6.609270065156883e-14
0.01961200056781355  5.126228013196299e-14
0.024303214457945626  4.1400664340597416e-14
0.03011803119979936  3.5429543569629897e-14
0.03732554205248632  3.17445700832801e-14
0.046260191994182936  3.0198780181404547e-14
0.0573368894390094  3.0807852082072904e-14
0.07107200191694499  3.486807261796711e-14
0.08810532184184283  4.3956526727192667e-14
0.10908139932478755  6.364032805505506e-14
0.13967961762855113  9.346328188728657e-14
0.17122734691373484  1.468295105614296e-13
0.2123035439667964  2.3102990283291595e-13
0.26068802863924523  3.8090402826840105e-13
0.3169871015786967  6.175589772265203e-13
0.3854468383734787  1.0078666608126957e-12
0.4686909703595765  1.6412464413087625e-12
0.5699131600704702  2.6726649326177866e-12
0.6929935436824192  4.3331865765767e-12
0.830874950422055  7.151090939241118e-12
0.9384433673819366  1.0577377652254283e-11
1.1081843401065237  1.6923009747526176e-11
1.2833740599719425  2.7969667085480082e-11
1.457537300218078  4.618484836664943e-11
1.6716100867092856  7.874502256655655e-11
1.9743064486095545  1.5514814113612876e-10
2.242234264086978  2.561880107775563e-10
2.5465240705284895  4.2347256078752037e-10
2.848081710113197  6.930688607463422e-10
3.366141183141114  1.2367408883512297e-9
3.879426029728711  2.320922801447576e-9
4.363195056779822  3.917528292939731e-9
4.90730568309936  6.636719435896447e-9
5.519269423896043  1.1243325274813394e-8
6.207547876722921  1.9047417094584797e-8
6.981657839527349  3.226839828140642e-8
7.852302899025905  5.466617980153861e-8
8.831521428759245  9.261046017942893e-8
9.83626858518471  1.541593894900418e-7
10.848717682100418  2.499383252419984e-7
11.96546630880983  4.088004994545315e-7
13.197074154164568  6.627874729508985e-7
14.555505130517346  0.0000010793070389366182
15.7412266994847  0.0000014743546204826715
17.348478641758128  0.000002464414455946916