99.25653278300346    0.890334948192551
105.07702982074854    0.7606232063722972
114.45395907636888    0.6470256942717015
147.28776734722837    0.378956847802448
158.07871038108794    0.3153609757332816
174.8219926382928    0.26320725510070825
184.0220587605753    0.2214325589037976
202.35675112978885    0.1887651734413542
216.2674538438376    0.16177226230391828
233.34012042582438    0.1380289805425981
251.76054386645603    0.116531060155235
271.63511929395116    0.10003074917126535
290.30825656313846    0.08528506932490859
322.9598985919568    0.0717376798509905
382.364923748504    0.047137695044600386
412.5497191940487    0.0388295457151027
445.117374100543    0.0321375672637605
489.4658080724925    0.02677080322323392
528.1054017606785    0.023084603927805786
584.4108589234047    0.019742666621238213
606.4912866941313    0.01692466827097092
650.8273547828347    0.014653198378561176
702.2052123067333    0.01261009197332254
750.4772264506512    0.010699885679927523
809.7216815771167    0.0090174709942157
873.6430347352942    0.007586204919477995
942.6104913664752    0.006399014385868136
1017.0224028665973    0.005407137381508916
1107.7800797759041    0.004626318859895574
1183.932712570567    0.0039225478081535495
1296.603143221905    0.003310761997907311
1391.3881574556078    0.00284054596939577
1501.2276440549986    0.0024078179113323837
1619.7381206666087    0.0020575304104365195
1747.6040958412311    0.0017760078825423448
1943.750886680249    0.0014573749116793381
2095.4254178994834    0.0011955997382320789
2280.0109375070206    0.0010192625420702417
2436.7467724092976    0.0008691210119783686
2629.109351478251    0.0007363482655489917
2918.6447987970323    0.0006291921044670643
3224.7158180039523    0.0005299439677954077
3484.7944138820826    0.00044845843166604123
3736.1607882719813    0.0003823179813182316
4053.03940796334    0.0003221217901825752
4432.733496687074    0.00027856009751668344
4874.380577280817    0.00023521246205760832
5225.981052828722    0.00020065712807495247
5462.818987436684    0.00017335539134643552
5754.488374482905    0.0001525756966726323
6091.937019910017    0.00013677191625614875
