0.000016613109852401117      0.07798906412170621
0.000020943743141184334      0.07801076531280769
0.000026403267098153014      0.07800513591373985
0.000033285956037416846      0.07799950692089973
0.000041962794422601855      0.07799387833425798
0.00005290147333530533      0.07798825015378531
0.00006669159953605604      0.07798262237945242
0.00008407647591375006      0.07797699501123001
0.00010599316632454841      0.0779713680490887
0.0001336230043588935      0.07796574149299927
0.0001684552685144334      0.07796011534293236
0.00021236745593634964      0.07795448959885871
0.00026772648156749707      0.07794886426074905
0.0003375162574532826      0.07794323932857401
0.000425498528865366      0.07793761480230432
0.0005364156364872289      0.07793199068191071
0.0006762461337652374      0.07792636696736388
0.0008525270374800442      0.07792074365863458
0.0010747600811967335      0.07791512075569346
0.0013549238690990406      0.07790949825851126
0.0017081195358597224      0.07790387616705872
0.0021533847143203207      0.07789825448130655
0.002714719684728928      0.0778926332012255
0.0034223810161022813      0.07788701232678624
0.004314512428397142      0.07788139185795953
0.005439200780745858      0.0778757717947161
0.006857068005771714      0.07787015213702668
0.008644538698078779      0.07786453288486203
0.010897959483511313      0.07785891403819284
0.01373879220769171      0.07785329559698986
0.017320160862381292      0.07784767756122386
0.02183510513615721      0.07784205993086556
0.02752698546481555      0.07783644270588573
0.03470260042510263      0.07783082588625508
0.043748723513644554      0.07782520947194435
0.055152950661554456      0.07781959346292434
0.06952998218855784      0.07781397785916577
0.08765475582272202      0.07780836266063941
0.11050421669179421      0.07780274786731606
0.13930997573438744      0.07779713347916639
0.1756246948769755      0.0777915194961612
0.22140577721037738      0.07778590591827127
0.27912087315778555      0.07778029274546734
0.3518808895322417      0.07777467997772025
0.44360767081724595      0.07776906761500067
0.5592453908750046      0.07776345565727942
0.7050270493266183      0.07775784410452727
0.8888104370506883      0.077752232956715
1.1205016797082665      0.07774662221381343
1.412589188753462      0.07774101187579324
1.7808168004734235      0.07773540194262529
2.2450323859882477      0.07789337648771469
2.830257673218376      0.0781337596420953
3.5680369453937115      0.0783199810828914
4.4981373124298765      0.07831432937024978
5.670692201658571      0.07814422181613678
7.148903604407867      0.07772898115236511
9.012448732478866      0.07720766145114434
11.36177470703047      0.07763611290195425
13.028475992061455      0.08027448534971332
14.028475992061455      0.08027448534971332
15.028475992061455      0.08027448534971332
16.028475992061455      0.08027448534971332
16.528475992061455      0.08027448534971332
17.028475992061455      0.08027448534971332
17.312563708296217      0.08011284034870306
17.32      0.080
17.33      0.07
17.34      0.06
17.35      0.05
17.36      0.04
17.4      0.039
17.5      0.037
17.6      0.035
17.8      0.033
18      0.03
18.2      0.02
18.4      0.01
18.8      0.009
19      0.008
20      0.007
20.5     0.006
21     0.005
21.5     0.004
22     0.003
22.29002272620454      0.002795663306381543
24.29002272620454      0.002795663306381543
28.100488995521616      0.002889066487801081
31.100488995521616      0.002889066487801081
33.100488995521616      0.002889066487801081
35.42560236419663      0.0030319755965492376
44.660194456622605      0.0032598199930257664
56.30201988941022      0.0035455462706937544
69.49948420459474      0.003849741787502506
83.1228731436076      0.0042034341628621975
97.34502262573032      0.004576123877604207
103.99711139849815      0.006440686987388182
108.15399179231457      0.009087817582741915
112.47702732617363      0.012640273736558724
120.47702732617363      0.012640273736558724
130.47702732617363      0.011640273736558724
142.29560593920039      0.010794159672474681
177.4058457641009      0.009311744322958924
214.42714903095228      0.008466473802282954
253.77325831481926      0.007751574343306812
300.33914514445894      0.007059528373508808
348.0424877106972      0.006485306774674213
394.9179078234832      0.00593491271503588
452.8498948082135      0.0054491839929139635
524.776761526605      0.00500319216364521
608.127886515199      0.00460636681869838
712.1772940870984      0.004227013951699999
842.8576009851524      0.003881293046408149
1018.7463194343413      0.003572764214988723
1231.3397448726328      0.0033103801000875462
1389.8438860834888      0.002975916361946507
1462.4070620990608      0.0026611631482926857
1504.0512088587632      0.0024618152331919063
1568.7514641895011      0.002279146720855553
1630.5021351917983      0.0020726881936370947
1700.6419707524965      0.0018762320055115498
1773.799034212672      0.0017005799891276223
1850.1031186368039      0.0015592983150133379
1936.4743542154783      0.0014220323817768173
2055.534346910607      0.0012933977263291008
2197.284606114798      0.001168542194498645
2340.580566314147      0.0010659623445186603
2493.221575467241      0.0009723874116665757
2655.8170711313537      0.0008933169218457334
2854.664350220709      0.000813998406430853
3049.9931951338763      0.0007498683171709329
3313.0549874349294      0.0006884139872152548
3620.5245116469036      0.000630778113777554
4046.815169912779      0.0005728154401350447
4591.852537207251      0.000514253178227438
5155.723470748219      0.0004701277150126306
5850.111978502946      0.0004307820753355667
6568.494826364154      0.0003974786361331601
7297.845502279163      0.00036656263956713115
8280.74151617588      0.0003358968340529615
9595.984819071302      0.00030789614228731875
11356.791083967388      0.00028246959508179356
13872.040945421246      0.0002594670556388976
17304.969886555995      0.0002415344741881579
21815.954242761927      0.00023149156759334064
27502.84239974474      0.0002285734078788002
34672.16385073583      0.00023137707380033596
43710.35286532565      0.00024095766271253045
55104.57771936029      0.0002550122215369317
69468.99959798335      0.0002732166794961276
87577.8765554187      0.0002930285487018021
110407.29687114815      0.00031262960684094027
139187.7912760323      0.00033354180507846263
175470.65990493412      0.00035522996531582834
218894.5734500072      0.00038276975011916186
261802.60283868384      0.000416366302031402
300207.40717842325      0.00045004232469753156
340640.2532513893      0.0004889050772128216
382470.24148513895      0.0005341363994950703
424938.8642851317      0.0005836292133062337
477120.56484296545      0.0006390181267813737
523167.5979051461      0.0006980078657155494
576686.7603638867      0.0007645262538031031
622668.1906667968      0.0008390043755821327
680114.0895680517      0.0009333892399218935
742487.4334615427      0.0010440775152937432
807741.0412186959      0.001155208907940443
878729.4710528682      0.0012701887751636564
955956.7285721089      0.001387892942081311
1048522.9995988435      0.0015199952489978708
1119518.9224426788      0.0016619962415239584
1243827.7487975254      0.0018131984346736968
1396567.4781759402      0.0019812020034154585
1584661.4309745058      0.00215782322032832
1817121.3513168828      0.0023510450874721723
2083681.6880064448      0.0025646266885454333
2339553.9158487185      0.0027936273992996015
2646677.8588686255      0.003063579188932391
2918525.847856544      0.0033569161266251077
3141765.0628713854      0.003655653060373434
3346655.3352339463      0.003971409842111597
3602642.346797183      0.004370914810212478
3878209.9077523104      0.00479364195015386
4168580.617496041      0.005257134429785254
4453813.463480145      0.005750657082305589
4837954.698335045      0.006284851824912382
5208011.7975130025      0.006894896997240261
5547652.392626321      0.007572689674939625
5909442.656045741      0.008327804000619466
6294827.078839457      0.009211315144072228
6705344.354590141      0.010188559514261262
6993790.312591591      0.01115862045304375
7472336.584841706      0.012394430136165056
7935735.249371756      0.013901000350190368
8306211.495700398      0.015647384347280843
8633168.407011777      0.017260942603767798
9004544.193259608      0.019221346011297137
9424917.306498649      0.02144881550139811
9830352.010190774      0.023678837195775772
10217303.57433278      0.026110533304517677
10694293.816178197      0.028655350126237013
10883625.234375285      0.031440388473815445
11115252.67047705      0.03443407902628111
11552781.703233553      0.03828377657592861
12128551.005565744      0.04286949226908802
12349464.961493796      0.047597003292491814
12790604.684572292      0.05339641399150766
13877191.625640595      0.0610731862173242
17665505.599461764      0.06154945285692532
22270472.83870246      0.06197781518362607
28075842.928293847      0.06256241732070424
35394531.66725669      0.06324110657356481
44621024.38541305      0.06460267630544
56252639.13424015      0.06669091397524296
70916332.67391996      0.06954978122475212
89402494.12861723      0.07443641893913966
110358868.84249881      0.08127401835287733
130609066.32702586      0.08826685648408371
148199892.36349404      0.09547282251893945
168159904.31750277      0.10444935667670734
184875079.63906363      0.1139082303368518
203251751.42236716      0.12570472477313974
223455073.21437153      0.13837577950739977
243093452.31918344      0.15156326353111088
261687768.18273437      0.16619480856961943
278753741.2978304      0.18159671976785935
296932672.1961187      0.19919224161258156
316297142.4420292      0.21961837307010185
336924467.0081818      0.24151772281323716
358897002.9647137      0.2662841128872998
382302478.29976016      0.2934016340761649
407234342.1839875      0.3243207196513138
433792138.0776142      0.35895897767816676
462081901.16964793      0.39831885056326966
492216581.73609704      0.44227855226525614
524316496.1075173      0.49330299383886644
558509807.0463915      0.551629570508038
594933035.4523727      0.6144795765098314
633731605.4383525      0.6818572979931011
667989703.404284      0.75081546740684
711552665.4740206      0.8267448608849038
750017594.0219089      0.9138714193528094
