4.534593687097821e-11 0.9518760677048876
4.8294021507672036e-11 0.8489323955543344
5.127923964702564e-11 0.7561485575978499
5.296337149701921e-11 0.6745437830451627
5.576560797110041e-11 0.6002233808453337
5.780354130316454e-11 0.5241171204961643
5.956019511811648e-11 0.47702868554482747
6.16779560444024e-11 0.43105535187807276
6.342600297521561e-11 0.39638519879749307
6.614394712296354e-11 0.3591065907991597
6.754294729031436e-11 0.33013816821692227
7.043723415797388e-11 0.2988591515215705
7.253331235225877e-11 0.26970954060554425
7.579982841584663e-11 0.24188993791989166
7.964070377366683e-11 0.21187043765539113
8.22555528091301e-11 0.18781425359194986
8.660759429466494e-11 0.16710268895987274
9.026980448640233e-11 0.14691001911435655
9.328176595275912e-11 0.13159572639106928
9.821737607446281e-11 0.11723874882845924
1.0237042659316321e-10 0.10301483635846558
1.0578625626885894e-10 0.09234752748465366
1.113838908968394e-10 0.08248135473345966
1.1609483254230657e-10 0.07298211890896886
1.2106737894666186e-10 0.06521477858361176
1.2625533695308208e-10 0.05906636740256207
1.3166488477651563e-10 0.053291614451381926
1.3730646213544144e-10 0.048143319664226455
1.431917372957493e-10 0.043913924217727454
1.5075529096621531e-10 0.03954063023491314
1.5496474807254625e-10 0.03619105557575863
1.6240526144805728e-10 0.033391713417956916
1.709854410009376e-10 0.030282513247761426
1.7831257234914514e-10 0.027437575802626173
1.9105018433859675e-10 0.02441189078659588
2.0531152142143178e-10 0.021523235201000215
2.186586800302273e-10 0.0191462254332814
2.3287523463403813e-10 0.017119573834870807
2.48017471603557e-10 0.015366620086603378
2.6414696321785724e-10 0.013891071143077178
2.81328507611134e-10 0.012654481755380998
3.02342071506823e-10 0.011504710482383452
3.2297912751151564e-10 0.010510448018605891
3.5449382839622985e-10 0.009671188833997165
4.02159528982635e-10 0.008750142571648979
4.514653499131361e-10 0.008011326935875853
5.175989071075513e-10 0.007345967915547282
6.124551212107085e-10 0.006725997451420797
7.558750363136491e-10 0.006268274891353004
9.52775696457106e-10 0.006062995446883462
1.2010211380381664e-9 0.006050395551737715
1.514036878806697e-9 0.006295170459493248
1.9086465491592228e-9 0.0065843993264356965
2.406108570499656e-9 0.00689416728964863
3.0331998286890905e-9 0.00717307784151996
3.823718898642825e-9 0.007452808332003313
4.820269567480793e-9 0.007748881505867614
6.07667522722526e-9 0.008179151489937088
7.660709095973938e-9 0.00874915281293019
9.657713174807595e-9 0.009395056052211604
1.2047977777539885e-8 0.010178556830494406
1.4716850050449357e-8 0.011077166102490162
1.7788734590340932e-8 0.012063884192485465
2.1501781802076408e-8 0.013121609526201452
2.571790158375887e-8 0.014333372471515178
3.0119903506778734e-8 0.015629223081626478
3.490604586447071e-8 0.017042210136605562
4.045275225666647e-8 0.0185931861241197
4.6880999094240017e-8 0.020330086041137844
5.376164787833388e-8 0.022153787959606246
6.100635840090356e-8 0.024054722937711836
6.922765499785872e-8 0.02620288292715456
7.855672035113392e-8 0.02850619506569633
8.914280003777657e-8 0.03097211675003405
1.011552443242908e-7 0.03360810160564838
1.147862160926377e-7 0.036421559220337664
1.3163325596147085e-7 0.03969967939587677
1.5255137007310566e-7 0.043528056178491606
1.7494113491927815e-7 0.04744143783600687
1.9851552169864512e-7 0.05151221294491917
2.252673201760527e-7 0.05604029123649611
2.5562651194048664e-7 0.061359705389183755
2.8703740214266645e-7 0.06673616654518133
3.1893179173899246e-7 0.07231343639801208
3.543720995037156e-7 0.07865971479242505
3.9375276582631766e-7 0.08589370934127091
4.375078035661758e-7 0.09350392687713122
4.964699805040883e-7 0.10229482653316053
5.224528855530056e-7 0.11291948695017835
7.724869817621818e-7 0.10524237533292852
9.737134889575982e-7 0.10168873892052031
0.0000012273817635123526 0.09960839184857878
0.0000015608034834537612 0.09931145271799015
0.000001965208975810757 0.09678302409692376
0.0000022253230344157356 0.09128362926963786
0.000002457697910812465 0.08008442739170625
0.000002730165682825907 0.07396648883181985
0.000003064891209804098 0.06772115076735817
0.000003477018480595855 0.06149495232456187
0.000003944574182206588 0.05594901186736411
0.000004475006336232387 0.050935977251084764
0.0000050767617594279305 0.04634230108279109
0.000005759445963534854 0.04221716707628899
0.000006533980214750365 0.038657587246989436
0.000007491104107630483 0.03539492397241744
0.000008679322796859988 0.032461293746229664
0.000010162473266762885 0.02989622653686914
0.000012152190693288808 0.027518316249914503
0.000014840623288041544 0.02534887933521457
0.00001831564925309811 0.023412644273871873
0.00002236751079478852 0.02148935883872108
0.000027604385103039483 0.01953741524687513
0.000034794074739751354 0.018491063566290343
0.000043857031557184136 0.017692079731140224
0.00005528093049762844 0.016987097455836986
0.00006968035759934222 0.016281627772513903
0.0000878311667505506 0.01568777696800518
0.00011071217833264263 0.015323777524169536
0.0001395568806151187 0.015190361357910706
0.00017591944164415343 0.015222731391532015
0.00022175575702254268 0.015217760937474149
0.0002795361129338576 0.015260891163390146
0.00035237920463086184 0.01553671494336633
0.0004442316806509325 0.016520658258423554
0.0005600276046481153 0.01758540949437693
0.0007060040167962968 0.018653242221305752
0.0008900247595467498 0.019695902758999115
0.001098650797235934 0.020952182437271392
0.0013140741127281202 0.022853997999201438
0.001571728727510144 0.024829783592854687
0.0018998076765118928 0.027122810438751397
0.002248515697361764 0.029444838122583916
0.002605801307411801 0.03201848826115221
0.003105832228307518 0.03493413101860181
0.003573937968191744 0.03624535091298348
0.004504722643595452 0.03396385582367205
0.005702219709704596 0.0332165684590255
0.007157678330008564 0.032967802015748386
0.009022483193400765 0.032577765723228694
0.011373209112902679 0.032350813800815184
0.014336774936898977 0.03272823487140728
0.018072795552807813 0.03340167082121019
0.022782670474332523 0.0343891970395961
0.02872031040536931 0.03570522591373225
0.036205875609522084 0.037398119965403945
0.045642772649111554 0.039364103707951015
0.057539497788741685 0.04150616529717951
0.07253741395791746 0.04390316400444214
0.09144501232615067 0.04658541765563688
0.1152816978529807 0.04962263140367928
0.1453326890640672 0.05308080986941573
0.18321812080664315 0.05697949351185475
0.23098255524848657 0.06172487133967395
0.29120151311997905 0.06726534937421424
0.3603603461465381 0.07275236811524771
0.38981302019266734 0.06529804143780647
0.416421425104856 0.059737098796158634
0.44351137886271597 0.05473513461540298
0.47378619379081605 0.050147408531989686
0.5122475024828506 0.04563719584285217
0.5521676595534376 0.04150972889743525
0.5898548221070145 0.03781800001009974
0.6396560728039055 0.03430306307616909
0.6822920548070672 0.031384607457659155
0.7266826635551042 0.028886415845691103
0.7751182472799516 0.026402108071433717
0.8330218311991332 0.024142562801831056
0.8872190711153858 0.022220832604494235
0.9627640135619774 0.02006994567567818
1.0049193371695553 0.07865349042012051
1.2188346484818304 0.07902700582163091
1.5364062816448123 0.07902891694396705
1.936723282895281 0.07905855315111912
2.4413579498480624 0.07939393319201364
3.0774761463966342 0.07964688308718162
3.87932332644574 0.07964880920010581
4.8900945954453094 0.07965073535960947
6.164207376379455 0.07948520811773611
7.770251062659177 0.0790422960944577
9.794640989962563 0.07805238734710307
12.34732290513869 0.08101092881081849
15.703305978594205 0.08752978096528147
18.363777659696378 0.08081157078709786
19.98746937485334 0.07308552885758368
22.626392921320605 0.0028373402598438954
28.523104135851405 0.0029314909542287886
35.95743185402217 0.0030801900119811912
45.33088680285589 0.0033087443383450366
57.14900336893999 0.003605740102461396
69.80789394134267 0.0038935395528705945
82.62105499260812 0.004226289370827984
97.78740107510583 0.0046319400213133575
105.08237547167738 0.00137851348920601
115.53986130146521 0.00152693074861616
125.70642164384468 0.0016767064347845144
136.76783781195007 0.0018438393541180351
147.68665673708222 0.0020137085002459774
161.8941469106868 0.002208695961361001
175.87190651536855 0.0023968836280278535
185.67557190297137 0.002600619852305364
199.59877834481415 0.0028624068400904716
211.47088098388775 0.0031601067290964713
220.59421411261735 0.003480120237920192
230.1130455920265 0.003854785198754352
240.04240301449966 0.004267041295229137
250.39814699507625 0.004696129599183453
261.20112987736104 0.0051750177364883665
272.33590763661533 0.0057358399456175525
298.8975947497666 0.006495215305311362
317.6659344567352 0.006908858322414176
384.31786028792965 0.006216149710436663
440.61366320004123 0.005685764280432474
510.5034133720383 0.005220263693281024
591.479849928554 0.004797631709993354
692.5486004316255 0.004395208270892504
819.467604450357 0.004028264742640959
979.9129107182066 0.0037110418134253644
1184.183513861283 0.003445840986031555
1367.2094756568506 0.0031586909526657827
1430.851384876054 0.0029226264986861343
1502.6491924411282 0.002617968519947384
1583.5844523719127 0.0023333364798871015
1651.4378835097023 0.002107921953422686
1722.2081640698113 0.0019116452694893909
1813.176010748384 0.0017204781703193122
1899.423892221554 0.001559132355893376
1960.1190314903647 0.001432624607512922
2068.8920627728266 0.001316191308114963
2223.4067742564835 0.001189370673437169
2368.031322300147 0.0010841893199324813
2522.0770343122254 0.0009921301494461494
2686.146223564298 0.0009084717785825399
2860.909604157932 0.0008361580948754411
3079.2645525479393 0.000766391315826946
3349.3400729339 0.0007006419659897073
3681.60612677018 0.0006352425854881934
4078.928892363765 0.0005782861961313055
4639.560829950131 0.0005217870615711578
5208.376568049008 0.0004773002404292879
5908.8134533939565 0.0004376186799885637
6633.324941360317 0.0004038760807276174
7368.699067673049 0.00037244728466770356
8272.196819045215 0.0003431996563456926
9484.016186343351 0.0003159707138359147
11104.691587186799 0.00029130384034364523
13419.369704363407 0.00026791299040787776
16736.92252487753 0.0002483882853501452
21096.257811242387 0.0002360770920505058
26592.28398191723 0.0002318972237543142
33521.4488532725 0.0002341094507229185
42257.669887182856 0.00024238741131591085
53272.25902575542 0.00025620559544119333
67158.80715803975 0.00027358023183415083
84666.06797410289 0.000294292865589017
106735.7605961909 0.0003135897509643079
134558.84276381868 0.00033509089073745614
169633.87570684645 0.00035693769841694937
211614.84221202947 0.0003827775543259008
255785.47040107922 0.0004165749037267262
299567.46338908374 0.00045476892114079724
343536.79055224825 0.0004978909600716929
385751.40944627713 0.0005429816690874543
428619.6671947798 0.0005933750533202874
483469.949902829 0.0006514556118287303
530419.981416565 0.0007119153699281275
581835.7423298459 0.0007813704407976716
633037.3004107737 0.0008625785426185403
688749.8016875096 0.0009572917265548567
749365.4623775949 0.001062404644275558
815315.2407991911 0.001178490708005882
887056.9056456493 0.0012947123951199632
1022595.0803941179 0.0013905249515556248
1153928.029949568 0.0012001383413506694
1228964.3486060868 0.0010800249733344256
1290646.2147425495 0.0009750614834043948
1348658.2032000995 0.000885163965309033
1408584.2916426267 0.0008086642376196603
1468982.3743977782 0.0007457307512771544
1548143.7052509105 0.0006766416480801312
1595207.185099401 0.0006200050792136987
1695547.027589219 0.0005605217039362819
1771766.1559314237 0.0005103883105588108
1863492.3259242312 0.00046099739363086146
1961950.3396021277 0.00041899532821449
2055288.5958829143 0.00038146766956591413
2143379.6220473135 0.0003475643527623274
2282749.0313424366 0.00031202576023255373
2384101.4470147453 0.00027851034067445717
2500038.5799465994 0.00025432352770692756
2671973.3456648723 0.00022931211350747592
2753154.2016330054 0.00020761613728041722
2967675.9803116005 0.00018726712127559026
3358911.906508366 0.00017169815444834397
4025953.137178294 0.00015782994351877793
4763786.373232771 0.00014512833974107952
5636845.593426965 0.00013351329246376702
6600121.50088838 0.00012340449894469142
7727997.942063736 0.0001139275633120766
9144295.708945828 0.00010470855872168306
10820178.392902592 0.00009637489402231142
12803148.715227805 0.00008844818544854559
15149602.842314156 0.00008144794146631319
17926070.846438125 0.00007492942349484885
21211353.050071735 0.00006886614364340197
25098654.67244595 0.0000631715197799941
29698526.40325175 0.00005817180103001889
35141327.62291402 0.000053464545953754504
41581650.844718665 0.00004916190563266532
49202253.18909671 0.00004518373019799426
58835024.81400817 0.00004130778897531202
70353836.56070676 0.000037819011785389706
82376287.11438781 0.000034878609649370274
99103212.99101478 0.00003307256550488263
118142008.20913064 0.00003760280585383013
130621525.81791992 0.00004138213055567365
141593235.63608748 0.000045319670391894515
157908947.19012684 0.00004980252590145537
172609158.32752222 0.00005468179058461961
189340040.54880863 0.000059833554102887774
207693396.2152539 0.00006563930231938329
226495202.99071392 0.00007148930130926854
246423399.87392274 0.0000781616405541458
273170208.21880335 0.00008577346104798532
295223966.55066127 0.00009340707058062183
320712843.5097154 0.00010127023831002967
351798584.9015599 0.00011065105178240038
376972304.324754 0.0001199904744513244
416422378.8334932 0.0001310141670705715
454122271.21097106 0.00014324987528239018
494074857.8509319 0.00015586633973747817
538803408.6218967 0.00017010371165406422
591028876.5972723 0.00018605000365757272
643027944.6078037 0.0002028269121513486
705354729.4507806 0.00022161507204728796
762299895.0417482 0.00024133822307659806
834685185.8502009 0.0002633003503947634
905049543.4891082 0.0002859968973502729
990616035.3599325 0.0003117221945326701
1080297979.4113438 0.0003405425287457062
1185010489.6428745 0.0003726262362698047
1289267523.4084423 0.000406031636051292
1414232495.193127 0.0004436667272529925
1528408183.8418634 0.00048335905383044595
1660363588.1295571 0.0005232913777259517
1825575464.1991599 0.0005746213346998343
1986183844.0547287 0.0006249285672182235
2165993047.4340243 0.0006820482573591686
2375941203.834768 0.0007463064188493978
2584972579.9542036 0.0008124276846163183
2822330079.800387 0.0008958552072336514
3120265296.6032114 0.0009723652314946031
3427845607.750813 0.0010607223092053753
3704574692.855618 0.0011529328333270594
4018401232.835962 0.0012564643121966298
4306730424.277936 0.0013768591354943452
4728106777.081964 0.0015021557208089007
5128708496.208214 0.0016524581828256237
5758953290.259558 0.0018058225461065657
6265650909.131838 0.001973414122229305
6765830730.746002 0.0021470692558650606
7390778767.471467 0.0023658108425091526
8241011497.225735 0.002594122396091048
9061128744.086096 0.0028725864793368357
9888039988.839119 0.003135549939710183
10725847940.387033 0.0034530907623866536
12043909255.003412 0.00377539189872794
13103584483.094904 0.004125771774177502
14256484726.623283 0.004506495152480605
15638355591.193121 0.004931067886357611
16900802062.323837 0.00535219034331594
18598025597.721054 0.005878720247065811
20568646200.2443 0.00648518942471582
22430954486.15723 0.007128846506112793
24662388619.793526 0.007712484639260601
26832255371.093845 0.00842012554620814
28974243952.91208 0.00916107394142121
31165334695.115448 0.010008177082802652
35003614532.79234 0.011007618119961305
38396774152.57978 0.01210745504091397
41774944914.79364 0.013199234999638248
45109773783.98801 0.014356775034563396
50578047526.31584 0.015915678751656167
54178916699.98829 0.01720362711011951