6.467324172831266e-13 0.14105914420492077
1.0018148102811156e-12 0.11381390517877651
1.5518518745585268e-12 0.09183101942845655
2.40391060190245e-12 0.07326043984762078
3.723710419044221e-12 0.05978298093896544
5.768248311264593e-12 0.04769333397635525
8.935358778233601e-12 0.038048522674077295
1.3841234055986727e-11 0.030699540793534045
2.1440634332366304e-11 0.024769997327017488
3.321281433368205e-11 0.019760870678512468
5.1448619423467074e-11 0.015764717485333386
7.969504358481143e-11 0.01286453926422157
1.234523496304092e-10 0.010263000572133606
1.9123040607684845e-10 0.008374953369876335
2.962272418590345e-10 0.006681323711738389
4.588735683808943e-10 0.005330189264289217
7.108052546761372e-10 0.004349613568398855
1.1010795009607692e-9 0.0034700105168312687
1.7056169164882495e-9 0.002799786218454981
2.6421017724366694e-9 0.002233597874878417
4.09272307242068e-9 0.001802183744781719
6.339870799358144e-9 0.001437736122833766
9.820835918121613e-9 0.0011469891263232049
1.5212690939127183e-8 0.0009359816733124298
2.3565360606621454e-8 0.0007467022527132294
3.650370173881894e-8 0.0006024784842280192
5.654571822093111e-8 0.00048611119444030203
8.759267153777424e-8 0.00038780708459077806
1.3568297563936006e-7 0.0003164636138454635
2.1018097731132835e-7 0.00025246658144907776
3.2558280075581086e-7 0.00020141138494269157
5.043349226366986e-7 0.00016435845883486862
7.81188260012571e-7 0.00014033175653486323
0.0000012099466532030965 0.00012679136663207633
0.0000018739631495384392 0.00011851281037042046
0.0000029024256310400103 0.00010952845127750457
0.0000044953256128824645 0.00010122518908928799
0.000006962603585821671 0.0000914581302132612
0.000010784576741997507 0.00007897691830670123
0.000016705747870400262 0.00006372271391646015
0.000025878817671097184 0.000049698862861109865
0.000040091203203034876 0.000036629316881776276
0.00006211262750147055 0.000025511815543106134
0.00009623005015834508 0.000017768628729990895
0.0001490822134793904 0.000012802899965977806
0.00023096222374760164 0.000009224923882965176
0.0003577871105383746 0.000007113789585417685
0.0005542468059808902 0.000005548213993081986
0.0008585404983528436 0.000004527529074130896
0.0013299141398991875 0.00000365304757548155
0.0020599422220758043 0.0000031545193332354686
0.0031906268422748304 0.0000027863712912513234
0.004941756007997405 0.0000025461657540137354
0.007653598260746451 0.0000024343903333112426
0.011854164418950465 0.000002224528123025401
0.018358381430414426 0.000002225344739544912
0.028431372877349113 0.000002226161655841501
0.0440296854224382 0.0000023038701037095012
0.0681840624906931 0.0000024388618961232983
0.10558809003724656 0.000002611141408076107
0.1634952548307619 0.0000030604499985116196
0.2531479704497311 0.0000037531510317489756
0.37106458034035683 0.0000051150576703799006
0.5149459986172662 0.000007238773425804421
0.6765836062518634 0.000010399476060496234
0.888904494133486 0.000015809850246758562
1.0468571224704257 0.000024582844360662775
1.2328026836249943 0.00004044886385377173
1.3015822959311343 0.00005809959489146605
1.5326620710522487 0.00010231306259837086
1.6969821157802714 0.00015491337603891874
1.9092863581883643 0.0002077780430832732
2.234819929448215 0.00024065279517109563
2.6167197462045833 0.0002044715880400801
2.94582732537813 0.00015753296673957643
3.0648914508318703 0.00012744588883183938
3.1772300412470957 0.0001031508296763286
3.546537213168694 0.00005814848351028356
3.8871499240579634 0.00003378324192118774
3.8885545829796406 0.000024059267426846572
4.261707000850484 0.00001495991460382968
4.758214918895435 0.000006725359426176277
4.8437071928358915 0.000009955725124706806
5.3111182131254315 0.000003907374800211863
6.036237433325605 0.0000026799874389547833
6.038564130482119 0.0000018658894390220522
7.119204812243134 0.0000010598574941048104
7.94613550269525 6.39435770281571e-7
8.867907810081727 4.3856904266727425e-7
10.645544195893725 2.8750786416684886e-7
13.012894801423911 2.126589880259374e-7
18.07210074597314 1.497857175113131e-7
27.99441886068663 1.2085496155571396e-7
43.358748745610555 1.1043638200048174e-7
67.1579940993628 9.75479088283768e-8
98.50153488426972 7.409421660380565e-8
129.51500412290397 5.358175858545428e-8
170.30681930311138 3.593270030403853e-8
212.02550266841465 2.464737941159604e-8
278.79796232463394 1.6907195349288108e-8
366.61061573536654 1.125300434140218e-8
509.17363506813945 7.490060524070511e-9
746.8807884490111 5.216484833500803e-9
1157.1019856655846 3.7163655372714087e-9
1792.505956937446 2.8336270123903526e-9
2776.664609949367 2.286318678012831e-9
4301.218178882865 1.8239665967505027e-9
6662.76184508747 1.471671776132723e-9
10320.889003562144 1.1874218642622944e-9
15987.669250829416 9.472948095530014e-10
24765.251469181927 7.730243998108788e-10
38362.84347852631 6.166991055479781e-10
59425.604367778506 4.975851364921662e-10
92047.13453821438 4.248457713986025e-10
142571.0173153132 3.7526416407168865e-10
220816.38851934436 3.4681569513246615e-10
342004.1348999258 3.2052388132440427e-10
529663.4796362228 3.1703399089038815e-10
820233.155155581 3.35610119213548e-10
1270115.5392870088 3.802314635095436e-10
1966726.2231406856 4.3568741901276356e-10
3045548.4195970725 4.77140334916702e-10