20835.598631145436    0.9653353894263771
21748.97208485632    0.8666646079357535
23265.842105249023    0.8066420006450962
23916.464236881613    0.7540426260393872
25195.469799617415    0.7008050696904492
27035.438139864145    0.6452599525907915
28744.292984703166    0.5890382429224579
30561.161055206314    0.5392735704109308
32492.869646830317    0.49347516743380526
34926.859752705284    0.4485272019740312
36617.91352443925    0.41170449523165503
39051.94997854074    0.3803185704119828
41520.34400182235    0.34801959619349915
44144.76017143777    0.326001439162752
50619.238993882405    0.27089287190781963
56077.11610229905    0.22615448424501466
64280.475867813606    0.18164124234396958
71211.33742816755    0.16596567500954135
78889.49964739676    0.1367812119080043
96818.71626797972    0.10569083807422337
107257.92210529388    0.09171562575754318
110701.22892172182    0.08524383814973627
117698.42757609022    0.07840047156665225
125137.90487077361    0.07177683746624743
133047.61633559768    0.06564943739879148
141457.28451234993    0.06013206665630406
150398.51064399772    0.05518476038885839
159904.89342355417    0.050595656737293694
170012.15524881714    0.04632110187045708
180758.2764574126    0.042387231185507475
192183.63804656095    0.03880616203768498
204331.17341386847    0.035613423465071466
217246.52968934423    0.032651850550436186
231687.16603084374    0.030000160395503607
238166.22649867405    0.027753255364258943
250902.8888050467    0.02546742684105827
258446.7849854695    0.023453428332231574
268401.9719145123    0.021507216277656758
284369.41190486896    0.019647089382761773
294247.66843038745    0.017933007719322852
311752.6888087786    0.016352235198561573
322582.1694197364    0.014900945678369006
341772.8310807814    0.013593064358962301
354730.5540823576    0.01249492488202193
365769.6835791164    0.011749659656468346
375998.32048554206    0.010939078604744138
397321.71541087487    0.010163806640408326
409267.9858805503    0.009352818326011056
425032.69854177674    0.008583324455344226
450318.22107164026    0.007830598944623016
465961.10922920675    0.007144475380148953
493681.49442752096    0.006517392637325297
512398.570432559    0.005990873674951033
528344.29066405    0.005633545410653144
543119.2765456141    0.005244900522425302
573920.3365354293    0.004873185090286149
591176.3970585935    0.0044843449340395015
613948.0927524948    0.004120166698734081
650472.3375570016    0.0037591542804561763
675133.8659283401    0.0034568933287269865
696143.8694024192    0.0032507054235835745
715611.3189872869    0.0030264469941367793
756194.6459236988    0.0028087040312239605
778931.147397273    0.002585091220398907
808935.0229634929    0.0023705752177042524
857059.1903946524    0.0021655477207982864
886831.205899273    0.00197547391800419
939589.4772367224    0.0018046181402222633
975212.3795684435    0.0016598579506501344
1005560.7541897112    0.0015608550017202
1033680.9519636563    0.001451914215249583
1092302.4562753027    0.0013466740456838657
1112572.6403819842    0.0012454524713187026
1172070.8413661344    0.001141882021004073
1246155.0461569477    0.0010378742065761811
1281003.3894409598    0.0009460739119684322
1357211.2675069857    0.0008638207320085258
1404357.2702009857    0.000788392759546261
1487903.5656212529    0.0007198486313236334
1539589.480108277    0.0006558523346641581
1631180.8438306095    0.0005991286494117867
1687843.8397095788    0.0005465421099128516
1788254.9694468665    0.0004986536376209485
1850374.3134469832    0.00045439725372617456
1960454.5062224397    0.0004148569246974954
2034781.7322002645    0.000381578545340673
2098103.6501486767    0.0003588191271493003
2156776.4745867774    0.00033377513659972044
2279090.3095897967    0.0003095818670500196
2347615.7090510884    0.000284934744853469
2438044.2017966057    0.00026159294254001153
2583085.328761269    0.00023908674751940535
2672815.01991857    0.00021786737983795434
2831822.8436370445    0.00019890919333315655
2999852.3640214046    0.00018167829224713066
3425884.2772021345    0.00017117194507213794
3872657.828233725    0.00016096232000779024
4377695.637410192    0.00015158083409044809
5025005.664851285    0.00014138935402962426
5768030.494400838    0.00013211229791710644
6520246.056260553    0.0001241425517127925
7370558.923960309    0.000116738015256863
8331762.081188563    0.00010977512559625663
9418316.859507872    0.00010330225361043618
10810960.718226116    0.00009649629658255977
12409528.517087415    0.00009003445710258452
14027869.556538647    0.00008466431277489056
15857260.332195876    0.00007972976003011994
18202001.600423023    0.00007441221763765023
20893449.140714556    0.00006948953588468458
23618188.13088221    0.00006529754184939795
26698263.500148345    0.00006140284158397228
30180015.078774303    0.00005778223326328153
34115825.92815384    0.000054335786845031365
39160378.59851565    0.00005075593241380369
45644917.72470231    0.000047022487268651445
52394224.98408068    0.00004389269339823443
60141521.740477405    0.00004099493838949961
69034376.18094927    0.00003828295047164688
78037229.42817049    0.000035973510669132926
96708713.85427617    0.00003187929772531453
98433729.43892185    0.00003425983965292079
115874894.75869714    0.00003819994639080504
123956525.15896745    0.00004132848235362109
135892885.78839505    0.00004533870481907282
148522803.5303269    0.000049327119028884877
162824767.4032081    0.00005411347240119336
178503935.08425504    0.00005933563269939805
195692924.04796562    0.00006499901831942408
214537122.133287    0.00007123730723477718
235195917.2624515    0.00007796142344339722
257844045.575288    0.00008548500365793664
282673069.3817388    0.00009377986140749144
309892997.43345344    0.00010287959325356832
339734061.2189692    0.00011286229846330459
372448662.30680305    0.00012375394869468395
408313507.20738864    0.00013556584487871203
447631947.8110033    0.0001484335340199365
490736547.19754654    0.00016275794666406116
537991892.5202509    0.00017829264264264738
589797678.7553357    0.00019559289467785523
646592089.4004806    0.00021457184032624643
708855502.7167274    0.00023527885645259892
777114554.8620607    0.00025810864603255276
851946594.2832525    0.00028274424403402105
933984565.0422515    0.0003094325795144368
1023922360.3811027    0.00033913041004701163
1122520691.8071291    0.00037185781201692046
1230613523.3399587    0.0004079402536353779
1349115125.3427556    0.0004475238791770329
1479027807.6001291    0.0004909484186688539
1621450397.0509436    0.0005383268482294437
1777587531.881935    0.0005897083266503773
1948759850.593742    0.0006463056570801361
2136415162.2201622    0.0007073106910039042
2342140692.1810164    0.0007755689203348843
2567676507.3458867    0.0008512351065171417
2806316984.2738743    0.0009249569645292867
3039067939.4094954    0.0009943588190665217
3832740181.4024906    0.0012557934082729845
4128872789.265199    0.0013795465447222692
4526461496.61636    0.0015104908552838125
4962335902.820766    0.0016562590905355315
5464051548.772419    0.0018076049697909294
5990210939.738581    0.001982182450106002
6538349666.5070505    0.0021814227802390822
7167958309.058392    0.0023907851044943297
7962083040.086399    0.0026321843994777517
8614897741.447178    0.0028772648836896987
9444467028.708746    0.003150370179005081
10353919469.899902    0.0034543931393406615
11400749732.240538    0.0037700491680108393
12498581896.181412    0.00413415841500599
13642273969.115877    0.004549705978442543
14955953113.412416    0.004986364578945619
16396132641.594385    0.005470205990888211
17974993874.49031    0.005992318666492838
19705891129.97962    0.006567432200219451
21603464676.4307    0.007197742327298984
23787677201.981007    0.007859790128202038
26078305252.864956    0.008622448352042903
28464620055.697044    0.009489139234168609
31205613075.05396    0.01039986055937154
34662824741.376076    0.011449941974986342
37504845035.30369    0.012516036479605816
41116364115.22326    0.01370403827197381
45075653464.62063    0.01502653120050748
49633015367.879875    0.01639284895139183
54174721515.31262    0.018040586593667078
59391461918.25818    0.019772034149085124
65110546951.14502    0.021690571947156286
71380349756.53488    0.023795271030145018
78253901555.89297    0.026053879390687693
85789340198.05312    0.028581962845355125
94050401900.54492    0.03134023329063677
103559342662.63913    0.0341899074097314
113035617672.50648    0.03762652770629898
123920352419.45663    0.04123773841043482
137649257121.59964    0.04540154257680525
148935180444.42334    0.04962884216907557
163276854042.59406    0.054365747436485576
178999555286.36966    0.05958350684850058
197097257510.5367    0.06502813703023769
216076685513.21426    0.07130851825403756
230490008597.20932    0.07787283612167566
271717683725.87656    0.08938083816934438
290913992013.6989    0.09782291721400624
321516910125.5663    0.10617202601004844
345937627752.2828    0.11476402847892123
375121432015.324    0.12403994468620515
411243650564.2833    0.1357948988018223
450844248543.30817    0.1490330741143614
499697429158.99634    0.16389178293594855
547815660227.4372    0.17979467780174774
600567423561.689    0.1972406766632579
656959275183.5663    0.21701784363616022
721799251300.0416    0.2367751015791709
782691291879.779    0.2588121159589102
858060341709.2053    0.28333909035703025
951039185263.5381    0.3115882093288222
1042619250721.676    0.34182251666023633
1143017994231.4556    0.37485491647790853
1253084608050.8843    0.4109307560900479
1370746270196.6648    0.4526254101517786
1506034953648.845    0.49383233042199565
1633086265141.5022    0.539570924255669
1790343872796.2292    0.5904605391664781
1984344334961.387    0.6498670279037694
2175426245047.8694    0.7129255097651938
2384908336856.385    0.7821027389455799
2614562450993.0635    0.8586134252327448
2822745951148.8647    0.9322320665135355
