1.2953596674698017e-20  0.00003572508028345941
2.3477791131625862e-20  0.000003965116813741829
4.5377946698670463e-20  3.485633224472579e-7
7.589458264438556e-20  5.769896120479491e-8
1.1342673077561056e-19  1.0911005214969558e-8
1.6681683118675796e-19  1.1709442523794001e-9
2.6162850618644676e-19  2.9888785313623123e-10
2.658674970698867e-19  4.297684915940044e-9
2.7900102807756303e-19  1.742077664518175e-8
3.550655901155382e-19  7.302995125230856e-8
4.375734851281006e-19  2.8639807945026693e-7
6.539667017437951e-19  8.051074803942209e-7
7.930815777707267e-19  0.0000015682375982745317
9.93208571915242e-19  0.000005948675344405409
1.621571553901627e-18  0.00002494712693929013
2.46275347508442e-18  0.00007750494096143691
4.463626060679839e-18  0.0005728146929670478
7.83419355963284e-18  0.0033525655620363108
1.2997808709853912e-17  0.03025739453675179
1.5020756668196728e-17  0.05513334739324291
1.792560620048701e-17  0.09717337097908132
2.156482731400251e-17  0.1602295700892134
3.022246480715612e-17  0.3812643235159717
4.036205034374023e-17  1.0364853510898973