4.733307392971606e-19   0.0000005848974547416981
6.733307392971606e-19   0.0000010848974547416981
7.237303402116262e-19   0.0000013328738584644214
7.779024107670785e-19   0.0000016763552189822015
8.393118750960937e-19   0.0000021396422066432044
9.05569148426572e-19   0.0000027251932256952286
9.770569283177898e-19   0.0000034807972432447146
1.0541881233834828e-18   0.000004436507204365697
1.1374082382243058e-18   0.000005658612780809327
1.2271979466324438e-18   0.0000072071924778895895
1.3240758679311593e-18   0.00000919901285985003
1.4286015624851187e-18   0.000011708224740902895
1.5277756199287757e-18   0.000014787908456405274
1.663633333989354e-18   0.000018828514331772474
1.794344682715794e-18   0.00002431105051002741
1.9359945147024786e-18   0.00003094236820791696
2.08882652093647e-18   0.000039382508374921997
2.2338336431580276e-18   0.0000497805204919891
2.432477690354704e-18   0.00006333275451810187
2.6235969911989573e-18   0.00008183185004773292
2.8307099704296965e-18   0.00010422658643757869
3.0272189205706855e-18   0.00013164192292773355
3.296414892246708e-18   0.0001676113860059312
3.5554135716577564e-18   0.00021641690892041344
3.836086365419045e-18   0.0002754488819589515
4.138916136299853e-18   0.0003505829879509927
4.4262412501978414e-18   0.0004431460649913904
4.8198455270880226e-18   0.000563788017328564
5.198539856317384e-18   0.0007284669180076983
5.608924942480987e-18   0.0009278248035741345
6.051706802277206e-18   0.001182574317833211
6.529442913980009e-18   0.0015093972293440847
7.04489264927399e-18   0.001922470538074204
7.601033211199655e-18   0.0024555066723537574
8.201076830278486e-18   0.0031297062945586833
8.848489318140406e-18   0.003991833039545621
9.547010085818956e-18   0.005084268913606331
1.0300673742338279e-17   0.006489386160100951
1.1113833398343444e-17   0.008259494007730453
1.1991185809375556e-17   0.010527273526438863
1.2937798504015897e-17   0.013436650241541327
1.395913905359062e-17   0.017113827770172906
1.506110665249552e-17   0.02185891406235458
1.6250066191546044e-17   0.027860637359861513
1.753288502115972e-17   0.03556036031273463
1.8916972616710492e-17   0.04526014875206601
2.0410323375160155e-17   0.05776849885531235
2.202156279015903e-17   0.07352599434822556
2.3550307956412032e-17   0.09286597222457163
2.5644523208079646e-17   0.11824040526887156
2.765940842797129e-17   0.15277767700408357
2.984290783832052e-17   0.1945879965894735
3.191461371766657e-17   0.24577163011123823
3.475262632125209e-17   0.3129255684490095
3.748313343807174e-17   0.4043291403992518
3.9916376230196925e-17   0.5097633145992447
4.3800826182924553e-17   0.6408231261885874
4.7258567457192286e-17   0.8387619200799449
4.9657483118739045e-17   0.991047471695262
