1.835589117181086e-9  3.10590954661745e-9
2.2888422527578843e-9  4.209915150299103e-9
2.7239649379143285e-9  5.604404849469284e-9
3.1468273888925757e-9  6.946173758587229e-9
3.5738581058580126e-9  7.734812911369938e-9
3.808474192537691e-9  7.806102160556826e-9
4.058077857175593e-9  7.078418639794402e-9
4.416500531238595e-9  6.1941409723462745e-9
4.686090519580482e-9  5.666948168587053e-9
4.930210027272898e-9  5.230896714782142e-9
5.20925503300847e-9  5.0038533819855135e-9
5.551184161087516e-9  5.005131123508424e-9
5.767709657929477e-9  5.671676611752901e-9
6.069776740981905e-9  6.90268263926674e-9
6.360756473132451e-9  8.551927842375233e-9
6.637324699850717e-9  1.031530695804896e-8