1.8067629047538593e-9   2.6930516152528085e-9
1.901353898230669e-9   3.0881087465726805e-9
2.160068107161072e-9   3.933678489116141e-9
2.2558227370064474e-9   4.153820954619285e-9
2.5432273529421082e-9   5.027923876896614e-9
2.649199236103578e-9   5.305708780935139e-9
2.9943525147703203e-9   6.426559410438054e-9
3.1191220028274573e-9   6.7498868595663285e-9
3.507554992387744e-9   8.175825456649473e-9
3.653708739674924e-9   8.239980651630658e-9
4.129735432422646e-9   6.819889528152221e-9
4.301814362065391e-9   6.45475097670789e-9
4.8375313400084535e-9   5.343999674483658e-9
5.0519764407403494e-9   5.076628029514829e-9
5.7205938531635704e-9   5.179503135923446e-9
5.902755419829378e-9   6.366562838234251e-9
6.53699837270859e-9   9.679536317958221e-9
6.809383783701439e-9   1.0924527503023367e-8
7.426477372040843e-9   1.9713393650668825e-8
7.676937913291558e-9   2.3930236725516184e-8
8.140931331882244e-9   4.965932694232344e-8
8.4154870822767e-9   6.004669923466966e-8
8.924118344443197e-9   1.1992494506834706e-7
9.272282748131715e-9   1.2796303962638902e-7
1.0453624179954547e-8   1.3358409156756014e-7
1.0889208611260095e-8   1.3731047368460022e-7
1.212093397517196e-8   2.0922022829596464e-7
1.2593818532136806e-8   2.366291900222482e-7
1.4126073703772763e-8   2.937165866794633e-7
1.4677186523852833e-8   3.4100831070105525e-7
1.5564274322062693e-8   7.387355367641071e-7
1.604818614531511e-8   9.009720948877648e-7
1.7413450019274165e-8   8.319296777390448e-7
1.8092816115522333e-8   7.456971581439857e-7
2.0294119158894336e-8   9.20907830891265e-7
2.1139739988618103e-8   0.0000010590373287293477
2.3651331125052286e-8   0.000001374101127919476
2.4511441031684057e-8   0.0000016166871036812934
2.6869530234572607e-8   0.0000027336429840970997
2.777571451933729e-8   0.0000033002830491900405
2.893308048206341e-8   0.0000071797329381862675
2.9680797925915826e-8   0.000021580686113864278
2.9454476140075737e-8   0.000009502501633892726
3.0760176849572897e-8   0.00006398575609302477
3.125748009715682e-8   0.00018773679234915328
3.198744387190452e-8   0.000888403483517926
3.196025042735709e-8   0.0004773492149766469