8.97808610790875   1.0187654997434497
10.215841011300476   0.8854314806705457
10.696403795159963   0.8264680800771991
11.786457711788195   0.7679611445193789
12.921431523057631   0.7057118784367973
14.16569733568728   0.6494488516906857
15.529779393886514   0.5976714064904672
17.025215371162883   0.549756310197377
18.664653958225873   0.5054383433376894
20.46196184809407   0.4676202513038724
22.432341023302403   0.4309631949640294
24.485029145749074   0.3926288956217933
26.960581477266633   0.3618254916262776
29.556743501645872   0.3334617554648236
32.40290225782798   0.3067282494786797
35.523131114626885   0.2829568492859187
38.94382157950406   0.2619118322016869
42.69390652311558   0.2420809867359505
46.805104899202945   0.22256590896690678
51.31219002972386   0.2046240165416061
56.25328372442876   0.18931356375957498
61.67017872259945   0.17447315008356062
67.60869218423586   0.16102926809280396
74.11905322057495   0.14869310057996027
81.25632774176637   0.13657437319778679
89.08088421513273   0.12598987670332312
97.6589042735079   0.11544234504821275
107.06294249245842   0.10582893152686791
117.37254007111564   0.09739169788103823
128.67489760722714   0.09010462074820184
141.06561265691747   0.0829610749425939
154.64948831755385   0.07645770219578692
169.54141967290155   0.07077113319068205
185.8673655982605   0.0657293791406623
203.7654141453402   0.060987853291913766
223.38695051806658   0.055909115041842504
244.89793751832292   0.05127807002191083
268.4803192918754   0.04714434792412559
294.3335602476183   0.043955302000981286
318.74506388744214   0.040772675993428785
352.20307098296644   0.03734950271066813
387.81246839677254   0.034027253771721236
425.1567669194636   0.031450855426148304
466.0971247383363   0.02905549259088619
504.7543938838861   0.026720961041375686
557.7374138751517   0.024554678962545554
614.1273061262261   0.022601730525550947
673.2645317696574   0.02089042400861102
738.0963608314873   0.019346033896742457
809.171153633675   0.018089737732261794
867.8830637800675   0.016549027461263997
1066.1599791139645   0.014446340662182505
1346.803805859949   0.017188890392254023
1493.5596734118965   0.018957501876543423
1637.3816050169614   0.020560063638155216
1795.05283128284   0.022244307618946184
1943.9313305191217   0.023948237445533264
2124.6007795339056   0.025787671626618918
2354.821096093736   0.028091406453050586
2592.904654011561   0.03068552719177972
2842.587718201298   0.03326343950894925
3116.313946664993   0.036075345664300165
3416.398569513242   0.03910606035115944
3699.74860966697   0.04202034386192531
4043.60414216837   0.045247873945355926
4432.981927820804   0.049072877527118954
4913.336878528635   0.05343466168013381
5410.098491217404   0.05836509552635578
5931.062486852737   0.06329895605884972
6502.192571920488   0.06861674504348195
7041.4728955870105   0.07377299018021365
7695.909093165363   0.07939336773861562
8529.832644691474   0.08659344456007771
9392.239095806051   0.09342878478381425
10366.862392731731   0.10085671362885704
