4.8240597059290753e-8    0.9995957325040525
4.972800075271095e-8    0.5947432228514435
5.966655311154413e-8    0.4514375716665504
6.73727461779998e-8    0.3791120256064829
6.340267768872364e-8    0.3969381678554103
7.379878727116741e-8    0.3272733185618151
9.40926772109877e-8    0.25535947662944325
1.1996717333849713e-7    0.21054247263308884
1.6253454385226108e-7    0.1704297231195624
2.9834047578516893e-7    0.13176366242624635
6.37412101617378e-7    0.10964137092950296
0.000001403837231113489    0.10001470468954582
0.000004588401716298942    0.10328388537941367
0.000011410671044750017    0.11322521846238338
0.0000191210928962064    0.11639018202249884
0.000025905737589337457    0.11692621122092135
0.00003617991462699268    0.11322521846238344
0.00004901745833353669    0.10964137092950296
0.00008997405409584734    0.09640501285094319
0.00015077134726502976    0.08476660246036424
0.00026847075973472645    0.07118600750020229
0.00047805203137069247    0.05869246849107186
0.0008010814846218071    0.050203541552748844
0.0013022365932756977    0.04333885115155559
0.002318825518860287    0.037758218407028206
0.006127657363780943    0.033199890697269425
0.004005510940408445    0.03444299384044018
0.0090937434727983    0.03289618943260036
0.012320432382701002    0.032896189432600344
0.01619275985299333    0.03350639576565411
0.024771792070803385    0.03540577246773416
0.03789605280199916    0.03845861271999268
0.0739157738758209    0.04496158727979047
0.1441717863390018    0.0540334670960264
0.25671926206712775    0.06553527041625071
0.5007276885449156    0.08554917712365945
0.9191113058100875    0.10863840910306308
2.742507415401719    0.18175348989948484
4.737373884837196    0.24614314167589474
7.247266179591341    0.318373872668295
12.144390923201948    0.4311639093666589
31.13248700247266    0.9995957325040521
24.41783838678561    0.7692706845830446
18.57857026889096    0.6002339581630033
13.302728078077873    0.464056522492124
