1.646737529309385   8.058700831887787e-12
1.6902502848547067   6.641135362222754e-12
1.7187884931213642   5.40216543588366e-12
1.7529613820059518   4.4867950224679914e-12
1.7967772588595639   3.66762956827242e-12
1.8739333922204524   2.982526263694772e-12
1.9765637456569294   2.493214607087045e-12
2.0716993722709574   2.09833081847095e-12
2.1939027044845263   1.749748026851142e-12
2.3358612958160303   1.4472453144529937e-12
2.477849881770872   1.2075374348524377e-12
2.6257011269081785   1.0185343906563362e-12
2.785308031144109   8.601513260887547e-13
2.9827712503490784   7.199461447290961e-13
3.2118886755419735   5.981144479850342e-13
3.4478288241250175   4.991179789903658e-13
3.6961539758353257   4.214348522375149e-13
3.9676674703362647   3.5703771602926777e-13
4.297271889308918   2.9937153269965285e-13
4.687575557340558   2.5170935881962665e-13
5.157975494249433   2.0965923484324297e-13
5.775124585405449   1.7656754581955457e-13
6.484880173750126   1.492982336751386e-13
7.366761565508913   1.3251470584210832e-13
8.368570352731151   1.307394962991758e-13
9.506615508842389   1.377905172576597e-13
10.799423870944384   1.512180598751856e-13
12.268041747964308   1.709761924310767e-13
13.936377544613764   1.9400325093267877e-13
15.83159097891422   2.2455055830456433e-13
17.984535229565953   2.6343685944693946e-13
20.430259211110755   3.0818098014492544e-13
23.20857815369009   3.6154988953776524e-13
26.21236234252367   4.2778934402414137e-13
29.433828889468398   5.091554460364673e-13
33.05120964580325   6.055244995980587e-13
37.113161972674725   7.201335514875768e-13
41.674323160056744   8.56434929259415e-13
46.79604535252383   1.0185343906563362e-12
52.24355497864673   1.219010769313073e-12
57.65304232630517   1.4476306051407125e-12
63.6226476325601   1.7187542067051007e-12
70.61846551331352   2.0658170512917807e-12
77.93055780606511   2.4497953080118776e-12
85.9997706806518   2.9152437498725138e-12
96.489113339098   3.4483344151082716e-12
104.0711752930626   4.0883860531291655e-12
114.81251033116712   4.862007318797649e-12
124.81259565982747   5.775375187957322e-12
136.72870030573517   6.920533008657597e-12
149.78245896149375   8.310040996536896e-12
162.222865224426   9.937067224428473e-12
174.56701144641423   1.1779375560000985e-11
188.31164769284862   1.395346232779201e-11
203.9551842764031   1.6667672882394856e-11
220.76700082878472   2.0096117609724188e-11
233.30811390128088   2.3561091320897733e-11
245.9907156172501   2.7314879956880387e-11