394.659053887563      0.9841475230886091
417.0893434396809      0.920468250396902
465.846825851049      0.8279627106123009
492.32304396348377      0.7830712608087377
520.3040273477573      0.7406137880909
549.8752987365244      0.7043738916820074
589.2139089211288      0.6661833248894531
622.7016458805383      0.6196142793691902
676.5354351684001      0.5763006080374486
724.9354338977723      0.5420241490290549
798.5674772806451      0.4957736591234686
855.6977662152979      0.45346968676758703
955.7282979033452      0.4101768776497001
1060.1019027553102      0.37309122779355874
1120.3523705941327      0.3489503571657608
1331.6085825064422      0.29193977693586665
1487.2727898557603      0.2640682490132501
1638.3358079731343      0.24019283536939923
1804.7423700579488      0.21485282295342759
1988.0509273076877      0.1943407964079153
2189.978223563319      0.1767697066633033
2514.533089011064      0.15812074673605625
2887.18699925863      0.13451828724481485
3180.4399821358006      0.1223559778318754
3552.2314194584483      0.11005940402791228
3967.485042404109      0.09790102143400539
4340.36958159418      0.09004777464148203
4983.612537341797      0.07789835821380951
5682.781400144742      0.06814367055030796
6707.829584006      0.05797196154343804
7491.9706513932315      0.05185599966210332
8484.218996981428      0.045615997754937604
10438.50270120446      0.037321836531490196
11739.595489114254      0.03319885247878691
13111.946832010299      0.029531338978410343
15055.137907626056      0.025833327946795114
17049.06398883215      0.022598393973756414
18395.440753949417      0.020901828813194606
19985.763002102613      0.01965865698841428
21415.563798370662      0.02161274761130539
24589.35125994572      0.024296846822067283
29428.61999119005      0.028719600378537418
34736.89271038065      0.033758716014208726
39337.501272073314      0.03924203758616164
45167.320626000386      0.044859489901850895
54808.62544633835      0.053321671746878706
63806.98514630917      0.0637344338481025
76364.41884145851      0.0753360089839876
90138.8724643029      0.08954720507417878
106397.93312647828      0.1064391656093883
140271.13419005866      0.13678679589052464
179887.05587416998      0.17383811077895922
237156.49930516208      0.23752982587436172
295844.2445030158      0.2903169032068794
349208.0085087716      0.3412556498108446
460383.0354819825      0.4585536549687531
582303.1796808868      0.5827616660774246
794673.3856160494      0.7874486351987697
1026174.342170751      1.0063382976250308
