1.2997808709853912e-17  0.03180817079789996
1.5264127895235266e-17  0.032350575524184286
1.792560620048701e-17  0.034588561003650306
2.2448971498172486e-17  0.03888061999757068
2.9032164552523125e-17  0.05163124643709234
3.5208023295404526e-17  0.07451223847087793
3.9400609625569314e-17  0.094102906397488
4.590021331488876e-17  0.16041625047064872
4.934299864687395e-17  0.20944419757806862
5.477681095407939e-17  0.357010820337879
6.032229519388152e-17  0.6291591099163782
6.537004518289891e-17  1.037255990309792