3.827985669456164e-12  0.8704923037100811
3.84874507724216e-12  0.9686789166016913
3.976211055411325e-12  0.7453643475035655
3.976211055411325e-12  0.6382313786304422
4.052462372650208e-12  0.5355903612357271
4.1301759521532684e-12  0.4570678696930114
4.290102602207198e-12  0.33511503244606067
4.290102602207198e-12  0.39136715282441015
4.3723733795753e-12  0.28216762183378713
4.396167784640939e-12  0.23846633258804803
4.566394040136463e-12  0.20275312174375518
4.743211713311989e-12  0.17186808003917564
4.914322240526241e-12  0.13908928534146006
4.994179869313532e-12  0.11282781352117185
5.0899526510538e-12  0.09551318098679369
5.287043304296253e-12  0.08015211390684496
5.464119292298731e-12  0.06787437354106092
5.6735397257121915e-12  0.05753519225364854
5.675698242938062e-12  0.04799162287270198
5.735458423306373e-12  0.04031428395528071
5.9252986286559955e-12  0.03366496418979819
6.484786250617457e-12  0.028346449951900027
6.897738789669079e-12  0.023823364097173658
7.0971026696988204e-12  0.019904062298085553
7.693814817124837e-12  0.016744832434119138
8.663661894975784e-12  0.013831147535945203
9.858220345642481e-12  0.011442112517819401
1.1090364222530952e-11  0.009717955612397574
1.21375555785146e-11  0.008277003434663617
1.3667560275778013e-11  0.006911510644333801
1.5244949246443142e-11  0.005710010968027725
1.703671757957494e-11  0.004727184510474668
1.9239027914577518e-11  0.003809340585036168
2.1111268035832983e-11  0.003092436738216527
2.3981594262078923e-11  0.0025283881514466863
3.1228201372916795e-11  0.0021363754604721216
4.7880880680266044e-11  0.0019991431029550088
7.271977176865502e-11  0.0019482313907383938
1.1044419256608944e-10  0.00198450330460798
1.6773869574812472e-10  0.002106131033850702
2.547555412154894e-10  0.002262611214549653
3.8691361877196865e-10  0.002474752244887105
5.876305876486962e-10  0.002777105879630954
8.924723524499797e-10  0.0032035203524222434
1.3554551390435346e-9  0.003721566124301478
2.0586168623778268e-9  0.004262825809344869
3.1265537781329686e-9  0.004823679524583312
4.7484982301497686e-9  0.0053132890266635825
7.211849544836596e-9  0.005617281185400792
1.0953099556218979e-8  0.0057365574300760405
1.6635176474852837e-8  0.005761508804059003
2.526491199400963e-8  0.005883847549642475
3.837144613584244e-8  0.00628060137025446
5.827718216097353e-8  0.007020872766259394
8.684390811458886e-8  0.008066823378161824
1.256456683840485e-7  0.009559490785630667
1.6303907271643614e-7  0.011365153794874926
2.0737942619234972e-7  0.012843345178369167
2.3915821302840743e-7  0.014084100369337159
2.883777332567464e-7  0.015862156043983455
3.5416610234084865e-7  0.018756475036991557
4.282551734343798e-7  0.022387640814988796
5.17843159921625e-7  0.026515261493042862
6.143902393656206e-7  0.03120852939692509
7.03246960662573e-7  0.03686399631749584
8.485684330486132e-7  0.043496730642675195
0.0000010067761883303685  0.0518172391714829
0.0000011720049236297723  0.061209525083507466
0.000001364350445445468  0.07243184544767317
0.0000015853763489431454  0.08468162173847216
0.0000017236683719276782  0.09615185886335835
0.0000018310942016507836  0.1039946287297141
0.000001996787298615638  0.11435791701945411
0.000002126148066882326  0.1230395503175501
0.0000023121289648354484  0.1336484656188342
0.000002703399261557855  0.16761107898736857
0.000003076147929796273  0.20562771794220092
0.0000034606247119344246  0.2501615383383944
0.000003903028608036806  0.29580404828109524
0.0000044131522049229426  0.34747879592904074
0.0000049022616334926645  0.4085033211337779
0.000005606520247277204  0.4864141338610659
0.000006265465401881593  0.5845013101294838
0.0000071496996209640305  0.7068356626878528
0.000007701099812183712  0.8518826415980177
0.000008045038623127263  0.9260212088567444
0.000008187701230808273  0.9732252950561482
