4.4678430670890574e-11  0.9591016171148244
4.4678430670890574e-11  1.0041993209677007
5.044884298233194e-11  0.7213429015860457
6.053146162440859e-11  0.4233117085534205
8.453814936809898e-11  0.16277587490388432
1.333145688110452e-10  0.04928925285361587
2.522507340087697e-10  0.014519151990903057
4.100583309099427e-10  0.008520395809679735
5.903445257092583e-10  0.006833989850990027
6.665900712217477e-10  0.006527081407617971
7.758905563055917e-10  0.006262666125438966
9.892522948549606e-10  0.006120425405280324
1.1869625502381145e-9  0.006120425405280324
1.4241868358509468e-9  0.006349592426588381
1.8158232294721576e-9  0.006648155200053566
2.3865387656048544e-9  0.0070250191035038404
3.3330364941676794e-9  0.007423246287059638
5.098901468773376e-9  0.00798955056937761
7.3406838547620344e-9  0.008839424896511726
1.122982714240996e-8  0.010145884419800098
1.8255186422029378e-8  0.012533844177495191
2.6281259415294965e-8  0.014925003157268888
4.404003942786326e-8  0.0202124711260536
5.966655311154439e-8  0.024514987325771558
9.699383938846707e-8  0.03381573052278093
2.4120921903974967e-7  0.06089008994491911
4.999351860915602e-7  0.10764462202897042
0.0000011700025432169252  0.1992477192794641
0.0000026562661165646976  0.3933071130223587
0.000003942028939526331  0.6002339581630031
0.000006030542175241686  0.907649688813152
0.000006605737844567768  0.9995957325040524
