0.000015459464132522467    0.0798514646277805
0.0004637531183569973    0.07985146462778055
0.010268239723104339    0.0798514646277808
0.027134536100530897    0.07985146462778063
0.5653988324340855    0.07985146462778067
8.183281911546265    0.07985146462778067
11.086916159595853    0.07985146462778067
42.17907643498279    0.1258462728178338
165.41378292567842    0.1974250691725897
493.5730018939256    0.2851311724400979
2120.269172602737    0.464056522492124
4962.083872598894    0.6170121868202604
10928.49989290546    0.8054423903720382
21315.90145038287    1.0041993209677007
