18157789826785916 0.0007881486502008582
18740594709736670 0.0009170081892080819
19342105698156840 0.0010645271045524145
19962923196044516 0.0012329874753481012
20657981533462930 0.0014299521418283038
21518403510689690 0.0016957420876677104
22217047533753936 0.0019439970643364626
23134099171556070 0.002256344957576309
24193004330631748 0.0026151326858391373
25233857608516548 0.0030417154435545763
26319491415982450 0.0035375020107261566
27596758205631628 0.004094222562426333
29012289954652204 0.00474641836722843
30580833298118772 0.005469030559352545
32319154206752948 0.006303209825348332
34246328912702400 0.0072320091257827715
36288420064901730 0.00819095343516031
38452280072517100 0.009214361435576501
40745169950382640 0.010270238363142982
44178598145543120 0.011787686347935866
48477279959481630 0.01388308698877862
51367955475105390 0.015693283425198414
54247068762776670 0.017369576951874112
58904337570322130 0.02052461678975949
62383916995139580 0.02367342512427082
65964759663438700 0.027444521667248215
69348316924924230 0.03194604193947371
72522561576529490 0.03677220612735706
75642692706418050 0.04247121319238977
78897060935163460 0.049136681657791566
82291441532444210 0.05704128934514167
85831858236807820 0.06644238230403635
89524593945518880 0.07713095442992918
93376201864321980 0.08953899491515374
97650262468790800 0.1044927239907724
102119957439254640 0.12086913403486486
107075768633932260 0.14026576511441105
112864797504106500 0.16338325617973842
119280425078329280 0.18876860366806048
126203053616451570 0.21744423397767892
133929809643905520 0.24636349645104222
141915975985611000 0.27527225504106967
150378353359102200 0.3028698279649203
159345337985679940 0.32935425039648014
168847019338863500 0.35617319332251707
178915281112150400 0.38139586509417295
189583908207445100 0.406646302213288
200888700103145020 0.43276743479642255
212867590982317630 0.45858349071367965
225560777024042700 0.4859395625598998
239010851285087170 0.5142931028737109
253262946624507360 0.5436304077969315
268364887150754000 0.5746412281831224
284367348699508640 0.6081703220964415
301324028880733600 0.6448471227244925
319291827265519170 0.6858463183790768
338331036317401700 0.7317038821813805
358505543708821200 0.7840031543287301
379883046701580000 0.8462772501210134
402535279310728200 0.9185796638142051
422070039150864600 0.9702098533090809