17794473627702294 0.0006203464761128522
18340155345882840 0.0006519534731945415
19364895840821224 0.0007348263061447399
20079671442842984 0.0007835336418173391
21158955903053176 0.0008823098921062225
21984176123297470 0.0009429496838484232
23212523162705604 0.0010659065529198786
24117834538395640 0.0011394332002309699
25465397916983144 0.0012871002740523605
26458573637654390 0.0013724030660616166
27936923811547560 0.001551998989056957
29026491488059980 0.0016562237720785526
30648321875689280 0.0018776023371006455
31779578810904920 0.0020089456940841207
33487734527509270 0.0022779500618439843
34723796719839156 0.00243565797609366
36590204459920880 0.0027636610701432364
38017258645465510 0.002958480545381202
40141440458860040 0.003368780341725149
41623096880141656 0.0036095367956557422
43860342732317450 0.004118025258025171
45479267158199790 0.004408763618765112
47731165659870080 0.005003153036886688
49492965617389870 0.0053610741511046864
52153217745150940 0.006176742476342178
53969453618328456 0.0066434055192160085
56755914815386270 0.007654433731710164
58732439619789560 0.008231445198435024
61516568135890540 0.009476700900713921
63658882698132270 0.010243258664266463
66676542304481190 0.011894290488277344
68998552973595190 0.012824120694144917
71978864745387260 0.015070045737257053
74186154008824720 0.016335180400071155
77079487433723000 0.019111732854888142
79603324628900660 0.020778764590459083
82375510508623900 0.024415123500485653
84901621201797440 0.02670666380899303
87858320266295870 0.031461894775942606
90552565691163740 0.034396985377518535
93141687034454200 0.04061968769101379
95804837747085180 0.044578310143432304
98742769464854600 0.052816072972969384
101361754531059630 0.05807361825176252
104050203749567620 0.06840203956260862
106595096299977920 0.075942638745403
109532576608211500 0.08972781411879144
111873135121674270 0.09979169698144263
114798343142848640 0.11925690380091479
117176323405597090 0.1319032426804689
119998316741184530 0.15690551529315622
122484011403332160 0.17416710124531576
125433831416884740 0.20761067796958715
128032119573527420 0.23045047143167507
131005193228661400 0.27474043643048374
133562317189098030 0.30560817868987944
136603779850054600 0.3641594408604466
139051100564280670 0.4040183640599202
141594097286603580 0.4714404381763325
144151344749901760 0.526327897258218
147829112137516320 0.6454128223223554
150714626485311000 0.7159437086280898
155336410644602460 0.8600427977694617
157224568449852100 0.9698855994585398