8.653805357674682e-15   0.02018652455068669
1.5266585796819032e-14   0.020711390282286808
5.0794374522669144e-14   0.022722113980982832
1.690010142075622e-13   0.02442105985103651
5.622934246476041e-13   0.026032195604689508
1.8708402247433558e-12   0.027749623158638284
6.224584875256728e-12   0.028157006582859873
2.3419519897111232e-11   0.029565163696807017
6.890611764410529e-11   0.030580663742907195
2.2926168254640531e-10   0.03064940694127397
7.62790313560862e-10   0.030592326238667762
2.5379254657808115e-9   0.03016120607333079
8.444084246154825e-9   0.028892938637328277
2.8094819850914363e-8   0.027791978687020148
9.347596251360981e-8   0.026953595339796695
3.110094890877691e-7   0.025295077107428683
0.0000010347783505150001   0.02707491114478458
0.0000034428731992558806   0.034581351151567186
0.000011454990201771373   0.03936806899237761
0.000038112585892224544   0.03266037531841003
0.00012680667358122848   0.02206282666770043
0.0004219060997384788   0.016721448575924634
0.0014037491243117546   0.015247548049319635
0.004670498021307214   0.01632040917914116
0.01553949447892236   0.019679750111783675
0.05170238538991445   0.026844193570072093
0.17202211169951886   0.04245529264490227
0.5130937491359334   0.09601949684613043
1.0439863389692425   0.2652189603686063
1.4032708969358598   0.6509618694174898
2.016472552398793   1.2775898339764375
2.8976312153671717   1.0990523756737776
3.4735096506779564   0.603088027594106
4.163838803698129   0.26427110050840735
4.821167769918917   0.12408965485356196
7.464439875767484   0.03537112202944763
16.941683383552583   0.013393616369550838
56.3676923106122   0.010975408382746354
187.54433455582364   0.0060618939754170185
623.9900194985418   0.00262721874212984
2076.114670997402   0.001819050117470895
6907.565814264956   0.001460305734038188
22982.577092179126   0.0011675034560319647
76466.71258740124   0.0009685794105605658
254416.99207500936   0.0009089804371524017
846486.0547327889   0.0010013335316097986
2390570.9324609274   0.0011425722762622233
4005199.7459292198   0.0013591274095500255