1.5133647615469677e-9   0.9995957325040524
1.9295241463453372e-9   0.6764011577415108
2.6141678448426116e-9   0.43116390936665877
3.7635125545759085e-9   0.28252288982687374
4.798438904910868e-9   0.222477491550508
6.701492645164874e-9   0.2029436555641196
8.544332605037962e-9   0.1902996803296198
1.0251988164905454e-8   0.18175348989948484
1.3474201003134756e-8   0.18683401153828197
1.999637384225835e-8   0.1947223081346558
2.399281458811445e-8   0.222477491550508
3.153378653887492e-8   0.26249749278200957
4.8240597059290753e-8   0.3587741965258848
6.73727461779998e-8   0.4903624896702863
8.589954243626055e-8   0.6284574256294687
1.0952101271431613e-7   0.812878323736759
1.2747912570361736e-7   0.9995957325040524
