59.59725625827386     1.001129032141487
64.20872897902387     0.9701361246769019
70.15051179358778     0.8384562442731348
74.35637226035104     0.7943645170657918
78.3568208705294     0.7539183057929345
81.34539274631001     0.715891683032385
85.50821313041817     0.6812101051953645
91.69647695299322     0.6421043386089553
96.25547490156998     0.6068159832896683
102.42326442614889     0.5773863199179554
109.83567732351187     0.545313049143203
115.07296725194334     0.5132101698175142
121.26401017023268     0.48818372937812304
130.039935425182     0.46217042929554303
137.03621648523503     0.43951492523048247
143.21268767756715     0.41598331114292586
153.06691274760092     0.3891150819136785
164.1444268706539     0.364397728747441
172.37231534224603     0.3449110314551447
182.2818259833531     0.32692679962340704
192.08877399935685     0.30991668822317286
201.2481348368049     0.29517491799300005
211.01969511173368     0.27848218126240404
224.7904348629011     0.2609324894363296
241.05860916799782     0.24466930175608745
255.51123180111307     0.2316940659377209
270.3052203460767     0.2177640878447334
287.06794080707556     0.20573191290482035
304.27904408552644     0.19473010034160354
322.5220357567692     0.1838842303838251
335.9390864217614     0.1737546324216513
358.1596202711088     0.16482054211228273
378.8969056037699     0.15551873994887333
391.17301961408816     0.14834915976070773
412.8361819847175     0.14128554197141927
436.56971790833063     0.13342532344326455
468.1644442212684     0.12586718218303672
496.23315359416887     0.11964098432332254
525.9847170487603     0.11220166560929067
552.3501786860867     0.1064845881073683
584.104233636497     0.10121717762698972
619.124090825128     0.0957144783422335
649.9059218591938     0.09032688405870523
678.5865981010913     0.0857865076020899
728.7562307718287     0.08128004246202875
772.4486706777457     0.07682513471555777
795.929410294253     0.07288778936083634
847.8702339394532     0.06918472699947173
898.7041310372254     0.0653313496798671
944.6949825121387     0.06148594483859016
1009.697861315483     0.057514587295997545
1082.7701021934447     0.05401316603004643
1188.4913194865192     0.051113818737744086
1350.9154925214668     0.050765770735366374
1535.5372294372216     0.050765770735366374
1745.390141752533     0.050765770735366374
1983.92242696938     0.050765770735366374
2255.053527619916     0.050765770735366374
2563.2385335747376     0.050765770735366374
2913.5413858387815     0.050765770735366374
3311.7180846828383     0.050765770735366374
3764.311269344792     0.050765770735366374
4278.757723386724     0.050765770735366374
4863.510572181819     0.050765770735366374
5528.178180418665     0.050765770735366374
6283.682031916943     0.050765770735366374
7163.260356151362     0.05086522906677064
8118.551258853875     0.0507007760655634
9228.066282515048     0.050765770735366374
10489.212249737386     0.050765770735366374
11922.711676714856     0.050765770735366374
13552.11910500067     0.050765770735366374
15404.208137886362     0.050765770735366374
17509.41137078449     0.050765770735366374
19902.32044432919     0.050765770735366374
22622.254436815823     0.050765770735366374
25713.905935518833     0.050765770735366374
29228.07540280573     0.050765770735366374
33222.50590378309     0.050765770735366374
37762.83191129827     0.050765770735366374
42923.65777858377     0.050765770735366374
48789.78360046495     0.05062505411367922
54855.43737017061     0.05130064719207297
63036.66497713055     0.050765770735366374
71651.51812070669     0.050765770735366374
81443.71297029343     0.050765770735366374
90971.11717476329     0.05078067707806322
