2.8372260223452797 1.0433549056721023
3.360040342894182 0.8731301557733259
4.595974714836442 0.6540690023151434
6.072078984724419 0.49312475537619344
8.022268503286133 0.3717834410499482
10.598743140996277 0.28075343660726115
14.002776230074574 0.21166951691325536
18.500204878101613 0.15932713821670802
24.441976343078025 0.12012212133552141
32.29712801413369 0.0868379201110559
42.66497833171758 0.06762054461796753
56.36952173622019 0.05057115800471591
74.47703634143433 0.0376984532143117
98.40061550840701 0.02814789775103654
130.01285127346594 0.02084775980993984
168.80726385794856 0.015947755408961525
230.96258017843573 0.011108696842271157
294.7272033210933 0.00847013656746513
376.0986754983002 0.0064463762868158915
496.89639856313346 0.00484731788688929
679.6555165539725 0.0036540569027704484
929.6138193278641 0.0027704122692179794
1271.5473076974636 0.002079441647386595
1709.3090017245308 0.0015708944458721096
2258.279818289555 0.0011862658890356614
2932.2666700999553 0.0008957932970622189
3741.8642279172027 0.0006805044825585161
4922.640244000127 0.0005026191315020496
5725.302003426748 0.00042846876881126237
6571.47219613149 0.0004827341494849396
8774.918463920205 0.000665591037382985
12368.067722832415 0.0009046621421836214
16305.87265866339 0.0012043514453356876
21498.927105439183 0.0015732544397798168
27477.095306747804 0.0020073440568853587
38022.87290037415 0.00276715440180588
51003.19085940141 0.0037327091321956458
68416.30551639268 0.005004534170147473
91775.26701876592 0.00669405777612259
123107.23627959577 0.008999090800448329
165138.65783615145 0.012043656625858112
217717.41920083406 0.016011191175692097
287040.2636949334 0.021217065634459922
378438.2895651647 0.028070179896458942
507668.5191149338 0.037104318147050404
704854.0578768275 0.05313359372469122
962008.5108194582 0.0718608087787856
1246652.6108298595 0.09241258429949598
1672171.4629816464 0.12598349540588474
2282230.3385214037 0.17049721290669215
3008891.3735432113 0.2262980238548711
3967016.213617822 0.2984262600152446
5230237.880131526 0.3935440139936925
6895708.716505442 0.5189787619305217
9091571.99464252 0.6832884185809421
12196555.147805816 0.8959304875953237
14582966.954599036 1.0633940788186746