39.57285365630155 1.0467455313634042
64.08023732389913 0.487179331831264
115.06152144048498 0.18968348556036702
196.20816259666594 0.0797229909409198
317.74958129674013 0.03617021096406096
440.60727975935185 0.022570421742835384
665.0406057721902 0.017274930502651647
1131.37292342216 0.013739705181099862
1514.381461201932 0.01149664144211271
2172.1027499984666 0.008047096072757267
3340.0032696832986 0.004147444699546114
4714.254696863391 0.002192585587085882
6319.770745280388 0.0012197353771191024
7509.243025868057 0.0008535582672940822
8774.918463920205 0.000665591037382985
12368.067722832415 0.0009046621421836214
16305.87265866339 0.0012043514453356876
21498.927105439183 0.0015732544397798168
27477.095306747804 0.0020073440568853587
38022.87290037415 0.00276715440180588
51003.19085940141 0.0037327091321956458
68416.30551639268 0.005004534170147473
91775.26701876592 0.00669405777612259
123107.23627959577 0.008999090800448329
165138.65783615145 0.012043656625858112
217717.41920083406 0.016011191175692097
287040.2636949334 0.021217065634459922
378438.2895651647 0.028070179896458942
507668.5191149338 0.037104318147050404
704854.0578768275 0.05313359372469122
962008.5108194582 0.0718608087787856
1246652.6108298595 0.09241258429949598
1672171.4629816464 0.12598349540588474
2282230.3385214037 0.17049721290669215
3008891.3735432113 0.2262980238548711
3967016.213617822 0.2984262600152446
5230237.880131526 0.3935440139936925
6895708.716505442 0.5189787619305217
9091571.99464252 0.6832884185809421
12196555.147805816 0.8959304875953237
14582966.954599036 1.0633940788186746