99.3954541427589       0.0013564715179125268
104.20847182848152       0.0014400282330750585
113.90517524132495       0.0015875558420955485
124.50416668725084       0.0017572145001511841
132.82689369679272       0.0018871239484203085
149.96071790997277       0.002160893684067265
166.5879073944574       0.0023829343725077718
192.69625141838853       0.0028846313870285593
206.4104971414677       0.003245773174440419
216.67478668150372       0.0036533461430995895
228.37121298666602       0.0041245063153275046
240.6990297291162       0.0046839604866095366
253.692320300986       0.005291500346832347
267.3870079664587       0.0059943092958872094
280.6835103586342       0.006588061201182864
301.9048778037037       0.008042274216535531
