7.225962535056759e-8 0.00010000000000000021
1.0395828083530093e-7 0.00014382055474852217
1.5381397555540677e-7 0.00021008182989536495
2.2757916816305813e-7 0.00031064520453516774
3.3672023361188454e-7 0.00045934692756989027
4.982025228355091e-7 0.0006792301853930953
7.371275289793143e-7 0.0010043686308948785
0.0000010906347701465764 0.0014851465208982804
0.0000016136749138914063 0.00219606638507921
0.000002387551542458589 0.0032472941220357725
0.0000035325593270516705 0.004801730579118051
0.0000052266831426346855 0.00710025507020685
0.000007733264793121481 0.010499052629324665
0.00001144193798026688 0.015524809323521653
0.000016929194621749018 0.022956328827090377
0.000025047997204261284 0.033945217763097
0.00003706036689652411 0.051019116613202575
0.00005483355748184603 0.07605857482980066
0.00008113030921981813 0.11200948545343847
0.00012003830093063915 0.16616769630098602
0.00017760555615871875 0.24691428315129818
0.00026278057364935946 0.36214566299340323
0.0003888033200142459 0.5420858619830472
0.0005752633063957411 0.8015751460048656
0.0007348557823281694 0.9907418245306023