0.00522145345580439 0.00009859943486323835
0.009848221520187305 0.00017848706880590288
0.014571173089810709 0.0002639264520101921
0.021559129714741276 0.00039026453029175634
0.03189832906329688 0.0005770789644001412
0.04719594021156809 0.0008533189806006152
0.06982988883317041 0.0012617914143000684
0.10331849206931873 0.001865794163023005
0.15286736069393891 0.0027589249849998155
0.22617858137004473 0.0040795856390308475
0.33464796172538536 0.006032428962974448
0.4951364431087855 0.008920072383130048
0.7325910369524373 0.01318999225828369
1.0839226942241746 0.019503865921829625
1.6037439004737197 0.028840106836135918
2.4119080971682108 0.04358234472553334
3.510818954332407 0.06383484661085849
5.194516651123521 0.09477712370874178
7.685672086708415 0.1418692643652149
11.371521046454387 0.21063669035155114
16.825007553156752 0.31146566930352154
24.89384472027563 0.45868739235735834
36.83228688006886 0.6810241433508611
51.891748484782575 0.9434653983503434