1.0064499390722246   0.07938467433477746
1.2075028134171897   0.07934751606631212
1.6286641475516266   0.07928650809452348
2.085336147947845   0.07923614558629992
2.3291562655442744   0.07921362534862902
2.4856912796276216   0.07920038114002857
2.592256624920734   0.07749887675386721
2.678256517572747   0.06990677377355482
2.786482195277563   0.06418982935499075
2.8990856534148857   0.05919942048567885
3.0162393485711543   0.05458991841154935
3.138127516490059   0.05034957616288564
3.2649410075504455   0.046428299147049115
3.407262374581424   0.043117316960409574
3.544958356265306   0.039969492286645224
3.6994853939976853   0.03710469388507634
3.8489950620270434   0.03450290167396443
4.0106557931014715   0.032041898642826076
4.179111694795492   0.029863426440044676
4.361293513135948   0.027933033293749836
4.5514174404512735   0.0261303226050777
4.735367455580422   0.024453643796141886
4.941807475300489   0.02299258964760905
5.157247623948122   0.021622430473577668
5.382083350719788   0.020370068112584506
5.616716921860539   0.019150518788838774
5.861592588118842   0.018118932774316216
6.126479690250826   0.017151442606449345
6.393573184932817   0.016179948027830716
6.682508487057166   0.015366962709569162
6.973859410937488   0.014593894201101935
7.277913524599766   0.013862793960923304
7.606821629214293   0.013206083886576979
7.950592504110393   0.012573968192514636
8.29724107519735   0.011983901080186654
8.685453145553867   0.011433485851936147
9.064146867709194   0.010913886901166783
9.473786602469097   0.01041875997860123
9.901946125704404   0.009965374040370442
10.349426917342804   0.009456306104885579
10.800655522556696   0.00898900827243334
11.323330269893242   0.00875054650728649
11.817054065548284   0.008385390611944515
12.351197013411692   0.008171769806284273
12.92909453022235   0.007811122514946681
13.513382047747953   0.007421844414240928
14.102590611465173   0.007102666990963288
14.762473667679293   0.006841446073249795
15.406163666904002   0.0065697978688057474
16.127051867617155   0.006338016929435831
16.85593555338414   0.006098620331503904
17.6177594653433   0.0058657695509217005
18.44213706177394   0.00566228253232311
19.305081335355712   0.005459487493239149
20.146887847063024   0.00527569656138577
21.089659906270743   0.00512728104251716
22.076550641777242   0.004984147159400526
23.074413043679822   0.004845087771676594
24.117399990609275   0.004721570084111041
25.246012925802138   0.004609931229972894
26.427450978714052   0.004505681020618757
27.664231024152397   0.004428298730283941
28.958885546105495   0.00434983046924198
30.26788689094206   0.00425095456548904
31.684353665556568   0.004162259629575308
33.16715546261415   0.004092036978522411
34.719345120682675   0.004021014770286468
36.34420577485066   0.003960495661935997
38.045096432150764   0.0038970402120480823
39.825639956747715   0.0038488165697173077
41.689487228104724   0.0037941635667741802
43.57406422213826   0.0037384564291748712
45.61331658594636   0.0036803738204872565
47.747966321234486   0.0036148241816633874
49.982616385289596   0.003570863473358162
52.32184848057154   0.0035271110898558826
54.7706607497666   0.003502313185970534
57.33383723629634   0.003435482826208432
60.0171131811764   0.003393389208446442
62.82614127304461   0.003377957860721196
65.76644917360306   0.0033347176860481823
68.84429810348094   0.0032829077730234194
71.95666772682482   0.003267588595834169
75.32422019915113   0.0032172184238033205
78.84940755176497   0.003171534082967685
82.53995177495678   0.003167252248806011
86.40261090911835   0.003099256541163266
90.4466432037054   0.0030912571673411813
94.67968643869601   0.0030586582381222785
99.11090741262184   0.003032007429582207
103.74967758276111   0.00301859174720717
108.6050160161378   0.002962909624542105
113.68829538356094   0.002960734778426646
119.00877301389971   0.002907912670279178
124.57905655321763   0.0029093644019804327
130.4092089129122   0.0028574587864549986
136.30494468072425   0.002849391702452355
142.90162418348194   0.00280096234148816
149.3622399418196   0.002798572141254748
156.5909306832005   0.002755194539101534
163.67038734328963   0.0027501849749196595
171.3302102140434   0.002711968594829196
179.34904232343325   0.0026966408850986837
187.7429988657352   0.0026739688125415133
196.52981229492784   0.002651487355975095
205.72794987577416   0.0026321151061532246
215.35591037148478   0.0025897833824545624
225.43578721058137   0.0025911561901986765
235.9859793984477   0.002546890271953959
247.03122312891452   0.0025413194231882707
258.5920082456786   0.0024964264830692083
270.6954273627352   0.0024937788169031314
283.36370966102623   0.0024506776492034007
296.62591327504987   0.0024327725516941614
310.5088692452839   0.0024159814325374583
325.04135862395543   0.002394516905601356
340.2544001740216   0.0023811596027415653
356.1779606767324   0.0023397451456435864
372.84866407562083   0.0023331161201858384
390.2974424045231   0.00228986671418301
408.56476010848843   0.0022781887879384888
427.6865926714032   0.0022596618663069563
447.70249645049324   0.0022288802251190926
468.657035463995   0.0022236758170275837
490.58950703222627   0.00218245512621103
512.7683523533137   0.0021707309957587984
536.767057494619   0.0021518169060972185
561.8872426737565   0.0021147303591398906
588.1859744428765   0.0021079717176097747
615.7126498610934   0.0020729188208873754
644.5283957721269   0.0020460054723090435
674.69516125054   0.0020400954426654785
706.2700191377298   0.002003080601650434
739.3239078643048   0.0019770739843533633
773.9272677038292   0.00196954029645692
810.147382527218   0.0019427706635769518
848.0609515590836   0.0019057579100154902
886.4001705430205   0.0018931253186676362
927.8854173229593   0.0018751261578798493
971.3093034675799   0.0018413883419659699
1016.7691597664864   0.0018274276126985939
1064.3565538336334   0.0018130695032304643
1114.1668286760696   0.0017791311092807327
1166.3144730056233   0.0017728436113729003
1220.9004911953896   0.001756962945682381
1278.0382463506633   0.0017296658531025884
1337.8563231007963   0.0017256271044699594
1400.4672995652452   0.0016978742263292692
1466.017056522585   0.0016986171072600415
1534.6261890711585   0.0016722265060533177
1604.0061936298382   0.0016684313062483305
1681.6372667008125   0.0016478805868144477
1757.6641352601087   0.001645560776641492
1839.9231399119994   0.0016221938958510447
1926.0341179928578   0.0016044272387246469
2016.1854548062822   0.0016098546326640567
2110.5442239306867   0.0015889533901972713
2209.3281848412958   0.0015868081712812924
2312.7316971609916   0.0015768669718451594
2420.9716561169685   0.0015612005805066731
2534.2837842699482   0.0015566909436385327
2652.9011518070874   0.0015550687146586722
2777.0628560523924   0.0015415190352389581
2907.034339526359   0.0015262038305368644
3043.106611826482   0.0015364116876447874
3185.5384344433123   0.0015333914673807596
3334.625123408139   0.0015153508571155484
3490.6983544468117   0.0015086459046185791
3654.0740234736923   0.0014991943842093992
3825.1170120592933   0.0015129491461000914
4004.1436548054144   0.0015025437590000645
4191.559307432192   0.001502367083081927
4387.73460838514   0.0014901953282704325
4593.101398691617   0.0014872659583860502
4808.068811648035   0.0014743070603270598
5033.112524335029   0.0014741337046081748
5268.689504037103   0.0014739603692732412
5515.3023729879615   0.001481076117879633
5773.453483294061   0.001484559575610175
6043.682437538333   0.0014843850143539874
6326.559573312653   0.0014842104736235032
6622.676894151441   0.0014840359534163106
6932.6541125671965   0.0014838614537299967
7257.139946981057   0.0014836869745621496
7596.813479356712   0.0014835125159103541
7952.385576378991   0.001483338077772199
8324.59493880931   0.0014804221876127332
8714.214079004101   0.0014720550252445542
9122.086587970161   0.0014718819343301794
9549.0497437877   0.00147170886376862
9948.712773737592   0.0014806568985848661