0.9854867594010724  0.08219831498536034
1.1574228805920572  0.0630119325457424
1.3793756008499516  0.04580307768429327
1.6926666150378762  0.03511191734215131
1.9879831471807936  0.031570284766322954
2.4040991835099725  0.029935772947204904
3.127793661701214  0.029935772947204904
3.5676394072005913  0.031570284766322954
4.442414189231998  0.03329404194722098
5.067128346308772  0.03702904986412953
5.531681197617227  0.03905085901401762
5.822096038557602  0.03905085901401762
6.03882411906196  0.03702904986412953
6.539500971754137  0.0333551318018093
7.184773198213222  0.028629763939964928
7.884436545444699  0.024140357261795736
8.703271661530563  0.020794951134483108
9.641108804907502  0.01785169076244844
10.604893085231495  0.0154803069958055
11.706260165868445  0.013572398903421608
12.922009299823781  0.011995456182638116
14.314444324229965  0.010548423082835014
15.801065417871397  0.009388333343545986
17.503738461999102  0.008428689661135271
19.45843137401684  0.00754558973103315
21.479279258473145  0.006787598992687236
23.710001520448117  0.006105752065481119
26.357765711884557  0.005590169660108815
29.197995531470042  0.005099912971255651
32.3442795711378  0.0046634440661466785
35.95625847263256  0.0042833724465205026
39.971597466169236  0.003965957100331859
44.12283230238063  0.003689776408452343
49.05015612790815  0.003427326397922065
54.14424117197268  0.003214331101828036
60.19068460319763  0.0030242591121552526
66.91235179554027  0.0028226971077100573
74.38464693209833  0.0026557834829123704
82.6913947983772  0.002498739906894272
91.60195906610524  0.002388571530939376
101.83141379100222  0.002233752019899568
113.20322120175359  0.002140219851069639
125.40164378600844  0.0020546281962566253
139.40560669919122  0.0019580988041320237
154.97343250406314  0.001860127518994301
172.279762276095  0.0017870108244445752
191.5187397628922  0.0017003249211410146
212.90618930379077  0.0016492865368843606
236.68203696401116  0.0015743239183761085
263.113002043835  0.0015246201873378136
292.4955891563746  0.0014646913989060427
325.15941443928006  0.001418448928410884
361.47090321410235  0.001375871571250176
401.83740057392214  0.0013345722518858807
445.1381332767762  0.001300160938087714
494.8479913093292  0.0012487688646594622
550.109092430015  0.0012193608823516228
611.5413599506896  0.001190645445676443
679.8339458057909  0.0011498887347113518
753.090710675411  0.0011222948787224427
840.1500724670697  0.0011003946996475126
933.9720519972087  0.0010705486518848056
1038.2714023345698  0.0010511023852956668
1150.1522586244416  0.0010275259646061884
1278.5930755707916  0.0010079369081050912
1421.377248654681  0.0009871366357409057
1580.1065417871398  0.0009714289822937974
1756.5615924707217  0.0009529093751243107
1952.7218871288794  0.0009347428311801996
2163.1410476072624  0.0009160825638079108
2413.2061146708725  0.0008729103253189574
2982.280165071221  0.0008794689890879051
3315.319984705841  0.0008654745798056467
4111.61121130553  0.0008638894649110521
4554.665485956222  0.0008517028543173456
5063.298105287175  0.000822171526528323
5628.731194871125  0.0008195381771387925
6257.3078268948675  0.0008077920914233363
6956.07942269415  0.0008013393880154382
7732.884856144388  0.0007962143572667013
8639.884494839689  0.0007640413849058581
10147.269767558806  0.0007640413849058581