0.26463469433471437    1.0041993209677007
0.2988134082083515    0.907649688813152
0.36958842091842314    0.7552610057489412
0.44345372450829756    0.651988750123054
0.5484873077620923    0.5576890042324025
0.6384225339061649    0.5087231269916712
0.8649509065338907    0.41560250917483854
1.3232076682808327    0.33334405973489567
2.4288154133949704    0.2773776853766318
1.7927150302942332    0.29991316501884324
2.9142342677744977    0.27232618352461496
3.6044809624544807    0.27232618352461496
4.595675298391785    0.28252288982687385
5.684177248840574    0.29580733580184676
6.820207098208988    0.31546149718342936
11.086916159595763    0.4080337069406252
18.02287059027677    0.5839119748812647
15.020832871035779    0.5134197152500263
13.302728078077873    0.4598114918670569
8.435597274156224    0.345825457706722
18.57857026889081    0.9995957325040522
