0.9933239551083678    0.07642733761220957
1.166565399128734    0.07642733761220957
1.4262045517874684    0.07823498708893743
1.83961640048819    0.07823498708893743
2.4701724445101014    0.07642733761220957
3.2291699999438985    0.07823498708893743
3.7418890751104397    0.07823498708893743
4.221380945169488    0.07823498708893743
4.453764740434162    0.07466145457211441
4.7623156984454695    0.06799661756777495
5.445026528424211    0.05509557897956916
8.3595291820626    0.0321820876400287
10.928119981407113    0.024885082581475725
11.45273180992922    0.023748408887292898
12.00252798590482    0.02266365493590443
13.007140103689082    0.020163621100920317
15.072379420492148    0.015960470333654428
17.23310905613508    0.013238153458031764
20.238662966812274    0.011239873444591767
20.649478634609096    0.0027645494680365117
28.671772726200796    0.002896869518255359
34.58669713269863    0.0030355228230939373
44.612292959160165    0.0032560446770685757
58.32008950330562    0.0036597530100187384
77.26805850957018    0.004113516067107437
99.00026648968189    0.004732895369089724
99.66563876825188    0.009107325588212067
117.04790272215033    0.009322730871822154
132.0466150399593    0.009768946152611637
154.04101217768837    0.010236518703019582
184.57879999803816    0.009322730871822154
225.65998007251093    0.008294337936970219
275.88448189535967    0.007553923613064688
346.4466479258356    0.006565365115607908
380.50786360577075    0.0061207132048062005
446.8706362069579    0.0055743327988239
561.1654302075121    0.004844837196512167
733.5919304982348    0.004210808415611679
946.237161365792    0.0036597530100187384
1156.8384829674005    0.0034118892369745745
1340.5182387914715    0.0031808125120780565
1404.870728114072    0.0029653859003828274
1627.9323880637548    0.002088319550608643
1861.3077336266435    0.0015775006364967265
2171.3371991795643    0.00119163193076572
2416.9781664868433    0.001035686764870487
2763.4686712262446    0.0008590336024683226
3267.245873920068    0.0007125114998085202
3837.0724549227843    0.0006049589250534901
4536.566409025314    0.0005136412550537446
5472.450200749192    0.0004464226209588012
6780.671850457067    0.0003880006805194668
7963.260246478657    0.00034520022172149906
9735.620496783413    0.00030712109297600465
10067.209140153107    0.00030712109297600465