0.9933239551083678     0.07642733761220957
1.166565399128734     0.07642733761220957
1.4262045517874684     0.07823498708893743
1.83961640048819     0.07823498708893743
2.4701724445101014     0.07642733761220957
3.2291699999438985     0.07823498708893743
3.7418890751104397     0.07823498708893743
4.109776285452313     0.07823498708893743
4.698941086052153     0.07823498708893747
5.372566727864825     0.07823498708893747
6.5683236685962685     0.07823498708893747
7.6623791220627195     0.07823498708893743
13.360360654964428     0.08197956013426322
15.275660582380723     0.08391853005797026
16.777500975021308     0.0859033602468323
17.701089583174202     0.08197956013426318
18.426996164834375     0.07823498708893743
19.182671556082305     0.07293637293906442
20.511621788255646     0.06642552955793196
20.649478634609096     0.0027645494680365117
28.671772726200796     0.002896869518255359
34.58669713269863     0.0030355228230939373
44.612292959160165     0.0032560446770685757
58.32008950330562     0.0036597530100187384
77.26805850957018     0.004113516067107437
99.00026648968189     0.004732895369089724
99.66563876825188     0.013871773203536131
109.46435622817845     0.012932280829152171
120.22644346174107     0.012056417372901074
128.55557319139007     0.011505717473513675
154.04101217768837     0.010236518703019582
184.57879999803816     0.009322730871822154
225.65998007251093     0.008294337936970219
275.88448189535967     0.007553923613064688
346.4466479258356     0.006565365115607908
380.50786360577075     0.0061207132048062005
446.8706362069579     0.0055743327988239
561.1654302075121     0.004844837196512167
733.5919304982348     0.004210808415611679
946.237161365792     0.0036597530100187384
1156.8384829674005     0.0034118892369745745
1340.5182387914715     0.0031808125120780565
1404.870728114072     0.0029653859003828274
1627.9323880637548     0.002088319550608643
1861.3077336266435     0.0015775006364967265
2171.3371991795643     0.00119163193076572
2416.9781664868433     0.001035686764870487
2763.4686712262446     0.0008590336024683226
3267.245873920068     0.0007125114998085202
3837.0724549227843     0.0006049589250534901
4536.566409025314     0.0005136412550537446
5472.450200749192     0.0004464226209588012
6780.671850457067     0.0003880006805194668
7963.260246478657     0.00034520022172149906
9735.620496783413     0.00030712109297600465
10067.209140153107     0.00030712109297600465