15481.972689988626         1.0821875589864463
15709.954196720899         0.6875932218092984
15942.88686673954         0.48974505534043217
15989.886218139198         0.26018854569106203
16060.645160205266         0.359398572093735
16226.96946125023         0.13860700505989304
16298.77755146134         0.19513069833213215
16467.567955401653         0.07566450854020175
16540.440749556034         0.10594363024251229
16711.73382148449         0.03397183546238597
16838.711159873088         0.05140250469683351
17076.4074909884         0.01602368320923401
17109.951656767447         0.02348495166345622
17287.14259286236         0.011833668149423533
17329.60066656319         0.00850525815443998
17466.168521157295         0.004508407915311231
17543.46035360973         0.0061268609483734375
17803.578557034172         0.002244129445413077
17847.3050229005         0.0016020231495160612
17882.363506876904         0.003116691828072081
17987.95270452701         0.0008491892564154157
18067.553552584584         0.0011857912286705838
18254.661429400818         0.00034483574328892535
18335.442525207152         0.000480868769005303
18335.442525207152         0.0006481935655206771
18607.303507733763         0.0001601678052463218
18607.303507733763         0.0002315837509155941
18653.003961667157         0.00011279806425239926
18883.1953934534         0.00007678774538404742
18929.573451447406         0.00005030153203497197
19078.750070365986         0.00002290334695393048
19163.177948870325         0.000034320522597529064
19447.31182665102         0.000015339664753488197
19447.31182665102         0.00001060920909634996
19495.07538239099         0.000007471528048204326
19735.658578763843         0.0000035098166602953525
19735.658578763843         0.000005109336673834769
19784.130328329764         0.0000025455532454702963
19940.041378211296         8.192155807285859e-7
20028.280669812713         0.0000011148141438769682
20091.547703563807         0.0000016767076095205025
20325.241490569017         3.841380040157425e-7
20325.241490569017         2.8497655475926154e-7
20375.161284806734         5.541632537115905e-7
20375.161284806734         2.1237129161659823e-7
20677.26533047733         8.929614483465295e-8
20691.762444331787         1.3907362040443946e-7
20840.2148305489         3.429834808640896e-8
20932.4375977233         4.8154261908938446e-8
20932.4375977233         6.49101890861769e-8
21242.804421113146         2.313842705266094e-8
21242.804421113146         1.593074744566635e-8
21242.804421113146         1.1818381608552983e-8
21557.773076688543         3.12536556880399e-9
21625.87160093657         4.709748912265209e-9
21781.02572334741         8.620182630777754e-10
21877.411796160795         1.5963385442879552e-9
21877.411796160795         1.18425944276514e-9
21974.22439962294         2.2351549457042555e-9
22169.136756832908         5.910856951167083e-10
22201.789822917824         4.192958691713704e-10
22201.789822917824         3.1105876266371805e-10
22201.789822917824         2.307620011165373e-10
22365.777995404158         1.6593152026553347e-10
22431.7119174171         7.429794407472279e-11
22530.977427024547         1.101326698733539e-10
22764.308593676156         1.9383185395445772e-11
22865.04592044514         2.7029589252005134e-11
22865.04592044514         3.6434900665431585e-11
22898.723995674878         5.108456159710414e-11
23033.93307432844         1.4444809754796168e-11
23101.83670581786         4.136523339047096e-12
23204.067672491896         5.831299454628821e-12
23204.067672491896         1.0595504291854178e-11
23204.067672491896         7.860379023851624e-12
23444.369372612266         1.419554092564258e-12
23548.116125502245         1.9688310870499067e-12
23548.116125502245         2.833847640202534e-12
23791.980796966647         3.7033972470844903e-13
23897.265810748755         5.171351307967225e-13
23897.265810748755         6.970792987461256e-13
23932.4642493856         9.813470127172041e-13
24073.777208207233         2.7698664653958073e-13
24251.59236458449         6.140074670383132e-14
24251.59236458449         1.1156550615953783e-13
24251.59236458449         2.027151595512617e-13
24251.59236458449         1.5038623401610926e-13
24251.59236458449         8.276596755059689e-14
24430.72090978162         4.409088360366926e-14
24502.742247358798         1.1948176975214217e-14
24574.975902578502         3.072954555502845e-14
24611.17254482867         2.2036460600921714e-14
24611.17254482867         1.6347964938354602e-14
24866.04624576556         2.11430877951687e-15
24976.084247394385         3.904793339766836e-15
24976.084247394385         2.8968093273272185e-15
24976.084247394385         5.263519031939763e-15
25054.980823246337         7.939518439158628e-15
25234.73697982515         3.179081389686366e-16
25346.40652316336         8.033288023408489e-16
25346.40652316336         4.421168335120416e-16
25346.40652316336         1.4596530051661245e-15
25346.40652316336         5.959573695827218e-16
25346.40652316336         1.0828579318051484e-15
25608.8943190715         8.521948830049516e-17
25684.388891235198         2.233807057327738e-16
25722.219595110382         1.1851527439078332e-16
25722.219595110382         1.597542681653673e-16
26103.604875682606         2.9086911182261244e-17
26103.604875682606         2.157841101545826e-17
26103.604875682606         1.600815635026985e-17
26103.604875682606         1.1916172703934064e-17
26103.604875682606         5.68186640257964e-17
26103.604875682606         3.9208095606236485e-17
26490.644984435658         3.902270450347296e-18
26490.644984435658         5.260118269000535e-18
26490.644984435658         7.657298879609057e-18
26490.644984435658         2.8949376970086796e-18
26490.644984435658         2.1476379908050843e-18
26686.3117524588         1.5547941725063756e-18
26764.982532355712         3.8523195562511746e-19
26883.4237659312         5.3067861476619e-19
26883.4237659312         7.153354212676622e-19
26883.4237659312         1.036632928437715e-18
27161.828937265247         5.0435001250020316e-20
27282.02630790081         1.685580994263676e-19
27282.02630790081         1.2504648316266763e-19
27282.02630790081         9.276696287253747e-20
27282.02630790081         6.882008340370473e-20
27368.20708935049         2.530244125065332e-19
27564.559413606632         4.793276533689197e-21
27686.538959678164         1.1868135198359177e-20
27686.538959678164         8.804492773141286e-21
27686.538959678164         6.531699521169468e-21
27686.538959678164         3.153433541135135e-20
27686.538959678164         2.1564469190602488e-20
27686.538959678164         1.599781347043781e-20
28097.04935090509         1.8113385317053762e-21
28097.04935090509         1.3437592971065248e-21
28097.04935090509         1.0002693318627208e-21
28097.04935090509         2.4416182894550754e-21
28221.385288017187         3.423338547005378e-21
28590.543734704846         2.860519269874432e-22
28590.543734704846         5.2136743521151345e-22
28936.420385994996         3.28236125250207e-23
28936.420385994996         2.435051964228462e-23
28936.420385994996         8.039347629193906e-23
28936.420385994996         5.964069073951421e-23
28936.420385994996         4.4245032755761465e-23
28936.420385994996         1.6096341247706554e-23
28950.70008656883         1.4986219278599888e-22
29315.393344026084         9.385681649187849e-24
1558056284325.8867         9.829232103638934e-24
1569711374174.5652         1.7168243359401543e-23
1581305669122.6191         2.588411426755905e-23
1581305669122.6191         3.7595077810714184e-23
1598017660732.6633         5.1468991506528904e-23
1604751806966.9436         7.718580272696084e-23
1616604919631.176         9.333829861618101e-23
1628545582456.8855         1.431315598299363e-22
1644603773749.9336         2.0416147862304435e-22
1649220843450.712         3.004869384101697e-22
1664899362502.2224         5.88493630233915e-22
1668988437342.5405         4.287502056077339e-22
1677196740596.8735         2.2659912761219523e-21
1689584950312.588         1.0524977658701416e-21
1693734654172.4778         8.489697491779692e-22
1702064662555.2544         1.6277239166794764e-21
1727301303059.0122         3.0389667916092478e-21
1740059598056.0002         4.6208028574880606e-21
1745556246077.5605         7.003910194880081e-21
1771437739554.5708         1.5389315785677067e-20
1772369142385.3137         1.0256921422767577e-20
1805278612519.415         2.705580617611562e-20
1814157208666.9805         3.644667667816242e-20
1824357656890.992         5.448114890871853e-20
1832045614006.247         1.9609997798414727e-20
1852380994891.3384         7.96307215910345e-20
1859209491833.1633         1.2252643298354603e-19
1859209491833.1633         2.9206216444538168e-19
1886776130515.4766         2.1740562221315957e-19
1906716479480.8362         4.108458384029348e-19
1928894352555.0903         6.330814389915965e-19
1943141666051.7798         9.438981821851445e-19
1943141666051.7798         2.1769855126688448e-18
1971952773380.9397         1.5691037684033421e-18
1992793309684.3545         2.9005562188766115e-18
2015972380910.2122         4.454391252986169e-18
2030862875287.703         6.819100279640778e-18
2030862875287.703         1.49578444290416e-17
2065312604165.831         1.1424096324529635e-17
2082755993279.0928         2.0084592466510044e-17
2106981460757.1748         3.0501993104697365e-17
2122544171780.3865         4.622171858306924e-17
2154015293527.4192         8.229258123868949e-17
2175254852311.804         1.385353571716816e-16
2196703842690.621         1.9450114204004286e-16
2218364329753.5083         2.93244316284595e-16
2251256184174.793         4.971438095408171e-16
2275048531977.3936         8.342834391482736e-16
2301510640068.9443         1.1278591449785798e-15
2318510194016.3096         1.65490622933596e-15
2318510194016.3096         3.409207562226731e-15
2352886918683.6787         2.793838818634237e-15
2377753348503.1846         4.8330946397063305e-15
2423177044302.204         8.001334471466354e-15
2453940578565.4663         1.29418022779242e-14
2480918049957.0854         1.9582134533562473e-14
2495567016590.042         2.6829434998024634e-14
2537232630920.46         3.653511817772431e-14
2570119566350.3584         5.99886187417933e-14
2595462100257.3496         9.65285291341803e-14
2651231469644.6465         1.6143223868923975e-13
2692742377579.484         2.6353955506665296e-13
2712631670514.7744         4.068820799095752e-13
2761306082272.6963         6.669990066437469e-13
2814303569770.9087         1.0958830797679972e-12
2835090745170.259         1.6767076095205094e-12
2891276934293.8965         2.816273761693453e-12
2934146114409.581         4.414981541810196e-12
2971396675500.981         6.685455278960285e-12
3021800772747.492         1.0381974076423517e-11
3066605239612.671         1.5424167099254822e-11
3112074025670.954         2.2863414652567773e-11
3150479248618.752         3.4902119118970356e-11
3212915847233.643         5.291944361639921e-11
3260553991652.775         7.897722523076354e-11
3291089489546.9604         1.1722781995096168e-10
3357959756391.981         1.7003523350690752e-10
3407748477738.753         2.503404697778571e-10
3458275420193.9595         3.8388981221104327e-10
3500953016366.785         5.628988860610636e-10
3526811962501.0234         7.881575206041309e-10
3614395844674.734         1.1525451144673149e-9
3659000078729.3823         1.6581716703922355e-9
3686026401418.832         2.2718569811735842e-9
3768309018793.5176         4.358279914455144e-9
3768309018793.5176         3.3806833213597053e-9
3880883453288.0586         5.894770191729393e-9
3903798733466.134         9.370499127218425e-9
3996820935568.3735         1.1898856843812948e-8
4036231386119.375         1.61850119335099e-8
4116221933298.0483         2.6043530068353243e-8
4226729590667.2686         4.069522117472785e-8
4302044702569.4224         6.207909245658913e-8
4417541118866.319         9.700383900403467e-8
4496256257027.572         1.465482170074091e-7
4619232319588.31         2.3195824028920806e-7
4710776853447.212         3.4695952722801387e-7
4849806729687.191         5.435219227374187e-7
4911377631346.956         7.951158103875757e-7
5068746459260.846         0.0000011333395118764486
5095460526629.374         0.0000016082476266244254
5297570006449.821         0.00000229102558987967
5364825503438.23         0.0000033515311753043988
5525094259052.337         0.000004814388884168786
5648430113809.558         0.000007387498066777868
5847829799359.618         0.000012022540741973694
5982142264600.679         0.0000187862380135371
6202444771157.45         0.00002843632721566858
6385498470312.889         0.00004431658049836653
6592410417786.017         0.0000675203803787166
6806027018655.612         0.00009982779925231015
7009350217193.413         0.00014175065516226556
7218747491392.377         0.00019811701752207135
7434400298141.905         0.00027689715145873245
7656495515173.052         0.00038963900455942315
7885225603000.826         0.0005348104077265213
8100892580510.003         0.0007434277576011278
8342898582831.944         0.001066190859770417
8719530490327.249         0.0016165845659862478
9113165072892.277         0.002429026542600456
9524569899481.688         0.003633300113822967
9954547190191.66         0.005325110115930789
10403935380551.426         0.007822369441942825
10873610756433.184         0.011157752444675963
11364489162768.402         0.015665283126242803
11952685796759.629         0.021774545652873064
12505418042073.047         0.029781237464874644
13083710478644.344         0.04065316019712401
13862531067696.873         0.057618362215559674
14703161050490.748         0.07994011762180436
15594767205278.242         0.1088588576192099
16523060887775.74         0.1493208690909614
17287142592862.184         0.19914402949105112
18470872854717.22         0.2732173241048516
19881431266864.97         0.37331963997090095
21557773076688.41         0.5045891110178015
23722048612914.836         0.6975299732982206
24792957042410.06         0.9343084344743275
