2.7922734078972014e-9  9.78019913200674e-10
2.8786262301972954e-9  9.69333456209184e-10
2.9731604196061205e-9  9.69650954990462e-10
3.070799115210795e-9  9.809459839660176e-10
3.171644269106962e-9  9.854171341106504e-10
3.275801181500768e-9  9.857399009945605e-10
3.3833786106609344e-9  9.86062773598627e-10
3.4944888864816566e-9  9.863857519574938e-10
3.609248027774915e-9  9.867088361057842e-10
3.727775863414666e-9  9.870320260781647e-10
3.850196157459417e-9  9.985295193534266e-10
3.9766367383838305e-9  1.0030808152227738e-9
4.1072296325542914e-9  1.0034093677289486e-9
4.24211120208783e-9  1.0037380278503218e-9
4.381422287238327e-9  1.0040667956221586e-9
4.525308353458688e-9  1.0043956710797028e-9
4.673919643292547e-9  1.0014322120500834e-9
4.827411333254103e-9  9.998830607695276e-10
4.985943695859885e-9  1.0002105658723146e-9
5.149682266981656e-9  9.986633043998936e-10
5.31879801869519e-9  9.95716758658815e-10
5.493467537805405e-9  9.993176227004332e-10
5.673873210234275e-9  1.0349404716850062e-9
5.860203411464041e-9  1.0688218797431757e-9
6.052652703234585e-9  1.1079609306345333e-9
6.2514220367003615e-9  1.1453064272971556e-9
6.456718962258991e-9  1.183910710332493e-9
6.668757846270658e-9  1.2295682296331474e-9
6.887760094894553e-9  1.2674417981476052e-9
7.112909605629875e-9  1.3234981045726828e-9
7.341412808565749e-9  1.39997189831227e-9
7.588871595343797e-9  1.4900619560299774e-9
7.838090412732364e-9  1.546075591074759e-9
8.095493585088628e-9  1.6041948615921146e-9
8.379380944157627e-9  1.6882215844347698e-9
8.634668616119238e-9  1.948436702721382e-9
8.914552127042061e-9  2.343768630903882e-9
9.205696581999583e-9  2.836753784408288e-9
9.502427704207569e-9  3.409635577838719e-9
9.83950551954861e-9  4.1185903088821434e-9
1.0150204270820883e-8  5.55849059195689e-9
1.0496743609890133e-8  6.252228470284414e-9
1.0803106909661013e-8  7.264316632134721e-9
1.1194358714308637e-8  9.011298750659766e-9
1.1542186993341977e-8  1.0667447906422468e-8
1.192999065438965e-8  1.2955340185162473e-8
1.2302483087466975e-8  1.5233318134296773e-8
1.2734432720259232e-8  1.850551775557861e-8
1.314194250204336e-8  2.1835457668918535e-8
1.3576016598120226e-8  2.5765806750810185e-8
1.4017735181544807e-8  3.054099317865712e-8
1.4494849295679525e-8  3.657819603571008e-8
1.4967350339773996e-8  4.379907374603273e-8
1.5468612488084918e-8  5.179076967309636e-8
1.594568870164824e-8  6.081360015910722e-8
1.6473067533702972e-8  7.175073347338299e-8
1.7021734401567835e-8  8.340032006675252e-8
1.7580728774336487e-8  9.284116803110655e-8
1.815808054250418e-8  1.0354474116233268e-7
1.8754392563599096e-8  1.1559067088583922e-7
1.9415046197647363e-8  1.278279208193623e-7
2.0003143783581395e-8  1.4584675563643727e-7
2.065583369463819e-8  1.7648309123178614e-7
2.1350367601102063e-8  2.127933549780045e-7
2.201301469349626e-8  2.52724239177277e-7
2.2766768293402006e-8  2.5414534662169676e-7
2.351442978675531e-8  2.273826406934142e-7
2.4286644510564478e-8  2.03438174162881e-7
2.5141594472979602e-8  1.936920019840382e-7
2.585996413518582e-8  2.486627868312694e-7
2.651364344077938e-8  3.2710585958993064e-7
2.708567972231119e-8  4.1678922210251497e-7
2.7700085270493156e-8  5.277622765086395e-7
2.7993572382197235e-8  7.190209670550747e-7
2.817033671280834e-8  9.497412965738322e-7
2.829473544779858e-8  0.0000011964113674472575
2.853320715437301e-8  0.000001597339551897716
2.8698047611037728e-8  0.0000020993671986310107
2.8840175769193877e-8  0.000002678945583685246
2.8976042894792547e-8  0.0000034140361698291606
2.9254610542990227e-8  0.000004589470142351594
2.9352986954781974e-8  0.000006034333656386809
2.9553551813714328e-8  0.000007610653548808475
2.9699916888550927e-8  0.000009679923715238996
2.983983428608908e-8  0.000012336051126335912
3.009511678759929e-8  0.00001642036296967866
3.021913712362073e-8  0.000021535744445633383
3.0418308662808946e-8  0.000027641889061432545
3.063024225437075e-8  0.00003555942119186195
3.142773600318281e-8  0.00004008324707699636
3.248367029774106e-8  0.00004294120270059751
3.3550435204003315e-8  0.000041296229579458816
3.394697577689885e-8  0.00003257756781382423
3.42390714858661e-8  0.000025634615579191888
3.468926716831148e-8  0.000019766519629375905
3.509350031079142e-8  0.000015095217144254731
3.551411446153395e-8  0.000011401356362044767
3.5874418728891156e-8  0.00000899493888879307
3.630198139145621e-8  0.000007009796213759565
3.665918229410723e-8  0.000005487125781519769
3.717497486641815e-8  0.000004311043241930612
3.759735987347677e-8  0.000003384705475527485
3.81474857709234e-8  0.000002648029238028876
3.862266378321378e-8  0.0000020721141874161565
3.929201034565476e-8  0.0000018813137680179216
3.990842098412215e-8  0.000002415307161855787
4.0728324409444785e-8  0.000003066006376000157
4.159075199171373e-8  0.00000389682990203045
4.2939772509728664e-8  0.000004283222750708999
4.4430159262358896e-8  0.000004227291398755008
4.578114683497961e-8  0.000003870893328491734
4.731065185489657e-8  0.0000036495394909598944
4.886433537121721e-8  0.0000040541739964633425
5.0442886571573e-8  0.000004650826128227049
5.1669103370551134e-8  0.000006035457714903943
5.292512828996588e-8  0.000007699779806136153
5.434842506692525e-8  0.000009625836751127342
5.5790397106871314e-8  0.000012205013591626223
5.654394668112931e-8  0.00001676339395042219
5.7202851844626416e-8  0.000021718208465770465
5.8047276713529694e-8  0.000027370617813760638
5.8691892776711675e-8  0.000033686288444666395
5.97265036130662e-8  0.00002298248076554279
6.053720695794091e-8  0.000016962392033790127
6.140167878489042e-8  0.000013254192968464921
6.255979622283203e-8  0.0000202741693944114
6.300034243863689e-8  0.000027393341812501467
6.23559419663631e-8  0.000014674072260151852
6.368257241773175e-8  0.00003482217760924273
6.437669261199972e-8  0.000041793265407202534
6.614122583586607e-8  0.00003572259771813434
6.747461116904875e-8  0.000033030088631925936
6.967423453532123e-8  0.00003411285534224097
7.097245601491016e-8  0.000044971429894815215
7.212693993772295e-8  0.00006279094713031325
7.383979560575167e-8  0.00006578674390991334
7.571047357544084e-8  0.00005857941081657168
7.714706849212968e-8  0.00004755441515532021
7.843339293457001e-8  0.00004260132846697512
7.947918389262214e-8  0.00006090945591581115
8.051311410765903e-8  0.00008210456426687636
8.128084763705773e-8  0.00010731569363523852
8.190097500114789e-8  0.000138669155919159
8.277130036669689e-8  0.00016763555489268135
8.355667472970665e-8  0.00022369455980690578
8.496793528755358e-8  0.0001522883522990581
8.546215115540191e-8  0.00011431667056920052
8.488477868809632e-8  0.00021075948113303695
8.625325210186459e-8  0.00008656056469398543
8.65634801198473e-8  0.00007351909742362825
8.826997787289779e-8  0.0001293338228548367
8.892207716108221e-8  0.00017611350229805044
8.793031278183617e-8  0.00009826777789682706
9.028595912553513e-8  0.0002272687569604982
9.212982824487796e-8  0.00026644640524447225
9.437043261705955e-8  0.0001912898685120985
9.366274462262228e-8  0.00025401711356902814
9.570896738600701e-8  0.00014566324571833636
9.732452311116661e-8  0.00011582268987016362
1.0022581938307987e-7  0.00013633575392522492
1.0094808254532179e-7  0.0001821102888401665
1.0188435985068369e-7  0.0002356525878440214
1.0300207134619887e-7  0.00029182557972194797
1.0478281733987964e-7  0.0003594298571954344
1.062648984818211e-7  0.000270142009423947
1.0580588007307764e-7  0.0002205837332627556
1.0810501733841379e-7  0.0005514491542546649
1.0742394362502503e-7  0.00039774636736202056
1.0886157209015097e-7  0.000754507955985887
1.080040237545128e-7  0.0003292257780506513
1.1149306908881947e-7  0.0005280396699556426
1.1073468309817719e-7  0.0006992858278963574
1.1485031685199914e-7  0.0004749385193607245
1.1597822655874362e-7  0.0003674703520304634
1.1784723456647132e-7  0.00031695019607803183
1.2107192308319303e-7  0.00039207442637682617
1.2022760455203483e-7  0.00030036160245287927
1.2260525405547656e-7  0.0005446104372044264
1.2399363496236364e-7  0.000680027760854086
1.2569628392348488e-7  0.0007971397110688282
1.2879792878662138e-7  0.000610604778048451
1.2991801411838017e-7  0.0004759937071930038
1.3166555898491633e-7  0.0004002843440694869
1.3453535302229162e-7  0.0005779392673532787
1.4127722313528513e-7  0.0008999610302954966