2646.8992984058846          2.151384753627298e-8
3112.0740256709732          1.9904849597932085e-8
3659.000078729405          1.83481437468677e-8
4302.044702569448          1.6913183759534423e-8
5058.100088735897          1.559044821264892e-8
5947.027117684182          1.437116032836025e-8
6992.1770858650325          1.324722973749218e-8
8221.005122830913          1.2226275048598727e-8
9665.791412268112          1.1270090285120063e-8
11364.489162768425          1.0401512344761593e-8
13361.721603753873          9.588037465318595e-9
15709.954196720899          8.84909415403903e-9
18470.87285471741          8.157029811706931e-9
21589.525661222524          7.541389072189211e-9
25533.62164942027          6.93959901489238e-9
30020.98370887316          6.396871257148034e-9
35296.96943202298          5.896588807611591e-9
41500.174117110204          5.435432130543137e-9
48793.550252729314          5.010341302348238e-9
57368.68813001029          4.618495707995927e-9
67450.84874356503          4.2572953253263715e-9
79304.88119088302          3.934039640027405e-9
93242.18001482276          3.6308459688697666e-9
109628.86525219456          3.346887070499577e-9
128895.40007079678          3.085135849528799e-9
151547.89864139524          2.8438555020104273e-9
178181.42129205493          2.6214450548588345e-9
209495.60619631477          2.4164287428759145e-9
232230.48919050497          2.3029019583586524e-9
