1.6566260558215025e-7    0.9227546627074767
2.0415953902005847e-7    0.7507123911980115
2.5160244960781903e-7    0.6082080611713153
3.1007021740206596e-7    0.49175323263928594
3.969212657689798e-7    0.40053145803255225
4.985389778312016e-7    0.3248744304725264
6.143902393656206e-7    0.2644766330374705
7.864816993013266e-7    0.21416471686728988
9.878326415517355e-7    0.17331572476865933
0.0000012407324017608426    0.14093990155781472
0.000002505601154029928    0.07678411137903926
0.0000032689314758492383    0.06263759592369607
0.00000434659579955422    0.05147169541207349
0.0000060033245165675055    0.042573603588166226
0.000008135510725492902    0.03497530224411124
0.00001081753380513104    0.028831176861340554
0.000016429284053103357    0.02444531153287858
0.000024952209936198516    0.02074491610137505
0.000040118813539875065    0.018268412894705564
0.00006959617899882123    0.01663521638820311
0.00012304735272505168    0.015618058340429864
0.0002259738984345435    0.015614688650589476
0.000384632547165476    0.0165519965973945
0.0006546871004301165    0.018591363313388162
0.0010728090084905348    0.02106720630071931
0.001539090300379265    0.025085356527354975
0.002250377377409438    0.03006974753665124
0.002935953884648013    0.035580154799980813
0.0042120247970144145    0.0441214216665964
0.005495216353118529    0.05360798434424235
0.007446939017926248    0.06559440611843205
0.009901961571845285    0.07938677411066737
0.013166328169772668    0.09700334465792879
0.01717744442538516    0.11848519604810474
0.021988867686570518    0.14527316689021633
0.028147976507085313    0.1777141937995365
0.036723245532308    0.21745294761992298
0.04791096660488992    0.267724912177991
0.06133088714021562    0.3277995830278639
0.08502991081208162    0.41266105150086074
0.09776164725318108    0.4623565938520631
0.1469464594552519    0.5947081766233254
0.19913707707657732    0.7232525791080275
0.27503926109117777    0.8676330274439503
