0.9181946113605665   0.9255093548701336
0.9955484550013038   0.8148884977024755
1.0707234133810477   0.7230936514444058
1.151574915518161   0.6426205934149763
1.2385316034727634   0.5714526103306727
1.337452518209557   0.5057489236452135
1.444274198130643   0.44721671272306196
1.553332930719673   0.39915038966689304
1.6706268081096836   0.3547289618117728
1.7967776751386173   0.3164096269399645
1.9324543328318098   0.28188485700847904
2.078376084115324   0.251588206154105
2.2353165472699983   0.22413637095253647
2.4041077573436   0.1996799196262857
2.5856445772651258   0.17767464933694327
2.780889442047184   0.1582878296300346
2.9908774612283224   0.14050009925223286
3.2167219066063817   0.12478754178459799
3.45962011435663   0.11089994220282526
3.735938284514243   0.09820305731150182
4.034325852072572   0.08694920174376997
4.338962232648829   0.07741447355235444
4.666602041250841   0.06892531035591239
5.0189822920196505   0.06121718128194206
5.397971162943824   0.05440432409275325
5.829104485391157   0.048134384133827354
6.2946722158991495   0.04270696233874954
6.769989835515895   0.038023776413926756
7.281199211171579   0.033874844077976855
7.831010568825417   0.03010491429394461
8.456469561240013   0.02658498203098141
9.095026875162977   0.023599635844558264
9.70300191600295   0.021097002292885584
10.226784348594888   0.018653371806725414
10.64885539521284   0.016274197641180925
11.043592623605672   0.014343735324391723
11.45296217384873   0.01269104949563182
11.877506444346137   0.011121191463290164
12.317787939403992   0.00984251451569481
12.774390014526247   0.008634510638044861
13.194448327565787   0.007702951131959881
13.628319353866233   0.006824797567277523
14.076457294765127   0.006117024217359564
14.598250626715487   0.005289171813347776
15.200737069255513   0.004662534244493534
15.828088813996905   0.004090286224128155
16.481332080303137   0.0035646595125853704
17.1615354407805   0.003106579037356689
17.86981156924472   0.0027103454413353882
18.68272355713401   0.0023460758115601637
19.453780853019676   0.0020455284049313307
20.093476553406777   0.0018123336163785916
20.754207269669994   0.0016057235524755088
21.436664693019132   0.001414861676251926
22.141563259440257   0.0012518412503227966
22.869640897608697   0.0011076040451962234
23.621659801395538   0.0009799858573271184
24.39840722777636   0.0008682652895593274
25.20069632097746   0.0007703399616236573
26.029366963722367   0.0006797089518792965
26.885286656469734   0.0006005662302492028
27.769351425563134   0.0005306385857042371
28.682486761243332   0.0004688530497649751
29.625648586505143   0.0004154027591023428
30.599824257813008   0.0003685525027352778
31.60603359872298   0.00032608786680541626
32.64532996749312   0.0002885160081359792
33.718801359799976   0.00025632871425916386
34.96870716652916   0.0002254260834604484
36.264945122169124   0.00019846729815344323
37.457439765996924   0.00017632597819038716
38.68914702880891   0.00015579525284170338
39.961356333157674   0.00013803424744263088
40.82479003088919   0.00012079341933881939
42.1185296091243   0.00010469313462739882
43.620956919678086   0.0000896361709377006
44.98597684774673   0.00007729625188322806
46.411584638245166   0.00006741617928324382
48.06715127206877   0.00005772038626702884
49.51405871041544   0.00005022614583113982
50.730229401579486   0.000044175002588480655
51.97627183399376   0.00003863971265597971
53.25291972121658   0.00003373608772720195
54.560924798373215   0.000029508832134305956
55.90105726480398   0.0000256226134781291
57.27410623758464   0.000022268607789635618
58.680880216186274   0.000019300474860684992
60.12220755854816   0.000016774038495065323
61.59893696884417   0.000014618472304747503
63.111937997229084   0.000012763295330414784
64.66210155186103   0.000011153775152830288
66.25034042349898   0.000009675981984945608
67.87758982298624   0.000008417108583684166
69.54480793193527   0.000007348924049118377
71.25297646693886   0.000006369402398344264
73.00310125763924   0.000005530572507805631
74.79621283899596   0.000004828707733055778
76.63336705810099   0.0000041927823940922345
78.51564569589874   0.0000036272774490505067
80.44415710417653   0.0000031409242769362203
82.42003685820112   0.000002719782385554696
84.44444842538535   0.0000023659307860249207
86.51858385037858   0.000002069470976324925
88.64366445698445   0.0000017969282785994998
90.82094156731932   0.0000015602785810336495
93.05169723863457   0.000001356037774728378
95.33724501823707   0.000001181778655145567
97.67893071695187   0.000001025201675728611
102.86854595175771   8.921471266757134e-7
111.62501770606256   7.88268913060364e-7
121.51939172685766   7.007138257356503e-7
132.29079707338275   6.198070193276684e-7
144.01697327162458   5.500547881987124e-7
156.78255063211006   4.892278581023951e-7
170.67966104487812   4.31788640252225e-7
186.56157566004367   3.7837722889438943e-7
203.09828083083335   3.3597997547684835e-7
221.1007895409538   2.9702311964547577e-7
240.6990297291162   2.6403198584945474e-7
262.0344460678946   2.33160789991818e-7
286.4170155738667   2.0657994125373556e-7
311.8048465121799   1.8232582315184827e-7
339.44303942169427   1.6216361324557856e-7
369.5310650257549   1.4351858994206437e-7
402.2860750119167   1.2729714850950547e-7
437.94446926191245   1.1259898590377436e-7
474.8393579701066   1.000923224033653e-7
514.8424782198115   8.863279707974997e-8
560.4778039378668   7.844209810645462e-8
612.6308289166086   6.949952442355225e-8
666.9340548648669   6.157642403374832e-8
726.0506859001699   5.4556574713755344e-8
790.4073793366533   4.860368001690815e-8
856.9957126564216   4.3157626762796866e-8
929.1938191769736   3.836399641998156e-8
1011.5569970172463   3.4160850800657916e-8
1105.683395890144   3.117290825504065e-8
1208.5683511181503   2.8574651931930865e-8
1321.0268552043694   2.6153686580057228e-8
1443.949736526356   2.3961793546880116e-8
1578.3107159407255   2.1964582343906703e-8
1725.1741200119372   2.01137077737734e-8
1885.703311964801   1.846491978243537e-8
2061.1699071456133   1.6900493691615743e-8
2252.9638459912503   1.552286573144697e-8
2462.6044042981935   1.4193497509648503e-8
2691.752228008195   1.302349340789946e-8
2942.222487842887   1.1973867424980086e-8
3215.99925799041   1.0992329409104009e-8
3515.251232743334   1.0076120720481236e-8
3842.3489055855925   9.236277862053892e-9
4199.883346810782   8.4495141019657e-9
4590.686728416784   7.729768379168428e-9
5017.854758862536   7.104419827418556e-9
5484.771205401545   6.4754568321859534e-9
5995.1346982432715   5.935728664329487e-9
6552.988028868768   5.440986742652559e-9
7162.750174584132   4.970049928039301e-9
7829.251302990967   4.537604239362101e-9
8557.771033658124   4.1490067353145226e-9
9354.08026008059   3.80128600654064e-9
10224.486863213831   3.5744762973304763e-9
11175.88567869863   3.561983290670098e-9
12215.813113586571   3.54598499121774e-9
13352.506845206937   3.5282933630488274e-9
14594.971075073381   3.521241451271755e-9
15953.047854732433   3.503673273571285e-9
17437.49504855415   3.4984199321755523e-9
19060.071551039062   3.4827071213289685e-9
20833.630433681526   3.4653311991058414e-9
22772.220759242606   3.4497670030664868e-9
24891.198869943826   3.439429727930174e-9
27207.35003113935   3.4171384388202904e-9
29143.704688037742   3.405479211192105e-9
