15.386285844170914    0.9263429696213843
16.548121204512945    0.8109749509047839
17.6543130611432    0.7185220024432061
18.834450497972696    0.6352968007879373
20.093476553406777    0.5620978748475456
21.436664693019132    0.49664933909569375
22.869640897608697    0.4397276907788232
24.39840722777636    0.39067098678408163
26.029366963722367    0.3463717542811126
27.769351425563134    0.30688460377002635
29.386989697525287    0.27339914871879417
30.13315990699481    0.23669778884143056
30.39426369291566    0.17931137605331968
30.517433728150735    0.2009043363814251
31.02348875618656    0.15945326831672998
31.275438051947674    0.1388097251136698
31.529433489202844    0.11977971671038648
31.836952327204894    0.10313139653038657
32.326267374906024    0.08739836647220646
32.618935653249395    0.07324341939393011
33.120269320212586    0.062138235005548235
33.420126154526216    0.05167482480245213
33.85544378659247    0.04408636110344773
34.2687024391301    0.03683406719543491
34.687005559995306    0.030662117809925473
35.110414724815236    0.025618138569318487
35.621217270224356    0.02113642087341811
35.94371662377064    0.01750007891411175
36.41190556883843    0.014886441233306484
36.85636983658095    0.012483295766120958
37.30625948600053    0.01042976883464822
37.76164074236762    0.008714051159424046
38.31101454957569    0.007189587655625805
38.65786618387591    0.005992111043826245
39.25201462627011    0.0050835857651325405
39.60738567511248    0.00426025358653612
40.28589222481461    0.003700548914542523
41.394805358932324    0.003120282734765139
42.46058442948671    0.0026328154944176116
43.50350677634686    0.002235603299935297
44.212981145725834    0.001985103448436825
45.15262373496665    0.00174146523389072
46.22426493875369    0.0015052028221690657
47.35963129132637    0.001276180924091331
48.52288465857115    0.0010879749578285765
49.71471000493635    0.0009377874176225534
51.34947121029931    0.0008027921579137709
53.41468989376162    0.0006815813566222187
55.67543753365888    0.0005858797558999057
57.04294480552644    0.0005134075745328406
58.91867923500367    0.0004471239645643269
61.226388479900656    0.00038302343398708284
63.36769348140238    0.0003278868998707261
65.9162717125147    0.00028068731457945597
68.19204398358168    0.00024274987257040667
70.35305316833319    0.0002123880596527392
72.7084567395493    0.0001837540820670445
74.88268920910585    0.00016118234080327295
77.41210295797785    0.00014139712850689008
80.07320474053856    0.00012212993524830028
82.80186130974808    0.0001063518708972737
85.5905296384849    0.00009326963142563681
88.93092460634442    0.00008004131630618735
91.34717456178186    0.00007056059522416167
94.35092973159561    0.0000617352658063928
97.28469319864334    0.00005380190785197467
101.16327583860678    0.00004749384791577213
105.90794953299283    0.000041497007238447315
110.27889132474901    0.0000367258218195873
114.8302268662772    0.00003246746521996034
119.56940121324438    0.000028702864785101338
124.50416668725084    0.00002543067434849664
129.64259555704547    0.000022481989347603676
134.99309324310923    0.000019897086317226336
140.56441206720686    0.000017609386687008375
146.36566556939832    0.000015550458774927836
152.4063434159295    0.000013792840780152758
158.69632692238864    0.000012166756424825222
165.24590521752106    0.000010685242031017583
172.06579207414308    0.00000947752372867894
179.16714343468666    0.000008369390976004512
186.56157566004367    0.000007431598838784776
194.2611845315603    0.000006577138761346356
202.2785650372658    0.000005820921611139938
210.62683197470116    0.000005140326756121435
219.31964140405026    0.0000045393085364919546
228.37121298666602    0.0000040041541971613914
237.79635324553308    0.000003532091001471307
247.61047978571617    0.000003129424769972662
257.82964651441415    0.000002781831385949288
268.47056990187434    0.0000024674099934269254
279.5506563261247    0.0000021885266326397034
291.0880305462542    0.000001936897248900369
303.10156535081825    0.0000017085499225942504
315.6109124298672    0.0000015121066361848334
328.63653452109895    0.0000013367779721955312
342.19973888271966    0.000001183079766140727
356.32271214776785    0.0000010482060409746017
371.02855661691603    9.297307068050867e-7
386.3413280491176    8.228334174105655e-7
402.2860750119167    7.290285773875158e-7
418.88887985579083    6.44497762281863e-7
436.1769013795503    5.71652267433488e-7
454.17841925658814    5.048134370788066e-7
472.92288029465163    4.4775600913690436e-7
492.44094660480755    3.9583872962993313e-7
512.7645457583951    3.503265324688676e-7
533.926923014014    3.103885284467556e-7
555.9626956999796    2.737957816569371e-7
578.9079098412036    2.4178298149057507e-7
602.8000991231315    2.144550341130125e-7
627.6783462891883    1.883414004731819e-7
653.5833470721668    1.670537819260999e-7
680.5574767641374    1.4752148926084598e-7
708.6448595337738    1.302729548700979e-7
737.891440604484    1.1529461151207055e-7
768.3450614114147    1.0203842736947417e-7
800.0555378602709    9.010787181123789e-8
833.0747418159667    8.001126455170694e-8
867.456685954405    7.088980240334864e-8
903.2576121161871    6.2808207231098e-8
940.536083306781    5.583193558354873e-8
983.3218202576065    4.936727925498643e-8
1053.3051072630092    4.4820781737766836e-8
1151.3162099032374    4.187332372944508e-8
1258.4473445024055    3.902198340140059e-8
1375.5471392331547    3.6492346397481954e-8
1503.5431879755527    3.407552658500037e-8
1643.4493981558203    3.1818768226018706e-8
1796.3740223088587    2.9741207119503764e-8
1963.5284369857734    2.7799297403408588e-8
2146.2367385475977    2.601018787072847e-8
2345.9462318573    2.4336222000619183e-8
2564.2388949551632    2.2667720188038335e-8
2802.8439105337698    2.1029297421843307e-8
3063.651363479376    1.968573584843037e-8
3348.727212983327    1.8455686515750205e-8
3660.3296578235377    1.7190356736823563e-8
4000.927024451927    1.6043844941919366e-8
4373.217319586426    1.4988786162824284e-8
4780.149602191396    1.4017123914617212e-8
5224.947344142382    1.3108450591219306e-8
5711.133964624281    1.2270951831843227e-8
6242.560740531021    1.1446813249201042e-8
6823.437313956075    1.0662014825925627e-8
7458.36503843574    9.950911156437386e-9
8152.373428093993    9.28723458558064e-9
8910.959998417035    8.6721584185095e-9
9740.133814252089    8.114034913792221e-9
10646.46308999142    7.737504625234197e-9
11637.127219001472    7.437731556139211e-9
12719.973644442898    7.167474893733781e-9
13903.580021977714    6.9035844291934215e-9
15197.322166779086    6.66605976991453e-9
16611.448323078897    6.436707381771654e-9
18157.16034457164    6.215246089682864e-9
19846.702428736742    5.995403964451362e-9
21693.45810797914    5.7862313374591054e-9
23712.05626589325    5.592742150328008e-9
25918.48701844734    5.416549083033776e-9
28330.228378028685    5.243283598063032e-9
29859.53611847703    5.163903552139792e-9
