2.9079799632051854e-9   4.3345461362725916e-10
3.6867121600826143e-9   4.039888012314678e-10
4.331038016221228e-9   4.1152601879438175e-10
4.775022278926575e-9   4.622993227316578e-10
5.220439201207564e-9   5.57728323398519e-10
5.611605081150845e-9   6.910558929769282e-10
6.10973572736514e-9   9.278710584480605e-10
6.595991874902796e-9   1.2569581891569567e-9
7.1514359054619975e-9   1.7646377332609189e-9
7.622923155774327e-9   2.3481158530225844e-9
8.124319586912659e-9   2.6849327256893874e-9
8.694805244969587e-9   2.833302115483215e-9
9.226177679631425e-9   2.783872301927958e-9
9.626434323041678e-9   3.0440975707510117e-9
1.0002426845395193e-8   3.6391149237468414e-9
1.0526633319310918e-8   4.589827372331024e-9
1.0892546343860927e-8   6.0525032520354335e-9
1.180728787680463e-8   6.798786774979595e-9
1.2166044637383867e-8   8.965256275225883e-9
1.221917314925655e-8   1.0157797981730455e-8