40332.81459687077    1.004199320967701
53009.46920332377    0.6342594141955119
81094.23969785376    0.324279533984451
135891.26218158353    0.164278639811267
214297.15647126202    0.10471747387743449
257126.2161097144    0.09207554894003858
393353.4011032046    0.0759157795855597
620308.5760737095    0.06861678979272824
1741850.339999433    0.06375318932345163
3008851.0483752307    0.06316999691475461
6236206.537957409    0.06259213935109309
10772347.169403529    0.06316999691475457
18608021.21158831    0.06375318932345163
36294711.09665698    0.06553527041625071
53863127.870561674    0.06861678979272824
101916944.73103887    0.08170723919936147
44891241.80314819    0.06705833187726543
75225164.35516843    0.07317585678279032
146725735.9836357    0.0990998043190388
198787717.55501863    0.13176366242624635
231382853.44962755    0.15404360660681818
277626630.9821441    0.19382963538271664
424715072.5659702    0.3722077748306044
575414662.7420583    0.6227085116738568
690416043.5967114    0.8589579486695644
756268218.537217    0.9995957325040525
