0.002956478136327901    1.0041993209677007
0.004256322946267873    0.8511004946289119
0.005944374302790167    0.7017276388706184
0.007812698659548482    0.5893027149118137
0.009961108580531054    0.48587682103911284
0.01619275985299333    0.45560529333276845
0.027134536100530897    0.4272197691359478
0.04410985215611954    0.41943939757477433
0.032557597628961515    0.4194393975747742
0.088688452802962    0.4194393975747742
0.1579229524417205    0.4136972470652637
0.3695884209184262    0.4006027449888836
0.6384225339061649    0.39150406053031384
1.0378185010940617    0.3861443464604194
2.0242519201621243    0.39511846938303957
3.715618025908043    0.40430115390436877
6.820207098208988    0.4118007193199576
10.433598327305555    0.41943939757477433
16.9608383194279    0.4194393975747742
23.687481596806425    0.4194393975747742
50.60891381535408    0.4194393975747742
111.4611367746768    0.4194393975747742
204.59262252053338    0.4194393975747742
353.4108026530828    0.4194393975747742
610.477513280622    0.4194393975747742
1190.7287036908158    0.4194393975747742
2467.9287899279593    0.4194393975747742
5115.079944975302    0.4194393975747742
9976.899033389283    0.4194393975747742
10284.5170434422    0.9995957325040524
