8.893334949745983     0.8975809597017178
10.753758409233905     0.7621599277214398
12.785654279004323     0.6472756432256465
14.994349210629624     0.5573677228330743
22.20974514151689     0.39632333999259856
26.25969744502828     0.3384242342929468
32.47392827580198     0.2765166717050405
39.88229075542902     0.23113006407186729
48.225386990844925     0.19553713459574076
58.31380059582381     0.16519215288871394
70.51263975497132     0.13926135574541995
85.26339073105102     0.11798208489828746
103.099895624647     0.09925178159642045
124.66767256937212     0.08337731691231658
150.74727757676516     0.07043817283763232
188.14573364908387     0.059492368696349954
222.41943355067392     0.050378586706246245
264.50661083718506     0.0436860284409631
310.92058404106444     0.036863499165433106
375.9629952238575     0.03193111441283398
638.5813575263976     0.021816622637332524
773.2972105322136     0.017847382983864696
938.1448061971105     0.014878168126152006
1129.0238440320672     0.012838076794897
1488.6070819013905     0.010857761825813501
2073.4287557698703     0.009305167744671466
2546.4454991698776     0.007922557936902651
2974.6152961774     0.00663352282095517
3384.7596303638375     0.005553609784998739
3807.8086906473577     0.004756016162142696
4764.52883314596     0.0041672570677814815
5339.705868928876     0.0034517966605085823
5746.6618645547605     0.002879450167859003
6759.82134868777     0.0024138176671477567
