5.271936292407723e-15 0.09771571963721305
6.262322367568852e-15 0.07929168156735492
8.427417818597763e-15 0.10333787943711381
9.831225213643333e-15 0.12137699457297592
1.1444692960817453e-14 0.14136917182875602
1.3322957629494026e-14 0.16509037309924923
1.5217649778894027e-14 0.19105275693379403
1.771511948103889e-14 0.2221852592522718
2.0622465544103808e-14 0.2596959507965421
2.441574789828674e-14 0.30511767631292486
2.8543009957677024e-14 0.35911811386864695
3.3793191890393463e-14 0.4220531393462829
3.9339217335273724e-14 0.4963606825561555
4.579543789682194e-14 0.5801593671346287
5.433357477491879e-14 0.6917479230358955
6.520247489254069e-14 0.835629161150478
7.377503011588358e-14 0.9502510187916471