96.98417658880543    1.0117860904952631
107.06294249245842    0.914758579148759
121.02514527892002    0.8332827201676357
131.33079429257634    0.766108600849422
141.06561265691747    0.711943381036307
147.70147195134695    0.6698398642257232
161.3052537749772    0.6173306806026233
171.78281666833203    0.57252162651916
188.0156755532512    0.5290449433557965
206.12059503619872    0.48236056294257923
225.35147355406673    0.4410722244488188
244.89793751832292    0.40881988028214555
268.4803192918754    0.3753553235542473
294.3335602476183    0.34227426835110436
322.67633216667105    0.3122595314206658
353.74836377115946    0.28501448900975046
367.56218658729813    0.26773194423716107
401.6355794898508    0.24847854741621617
440.3109708196083    0.22647005667742443
486.52949858674543    0.20809278025971695
526.8813925931241    0.19231830317444412
560.184489651525    0.17846226134559132
614.1273061262261    0.16393313587885508
673.2645317696574    0.1494130859981408
738.0963608314873    0.13637660366485668
809.171153633675    0.12441745785413963
840.7691710069922    0.11687310355367332
925.9775835176231    0.10922552551267622
1090.9483963031585    0.10091155568819274
1540.0388911059754    0.10030408687076697
2157.4060444037664    0.10030408687076697
3022.2618839757974    0.10030408687076697
4233.819089839997    0.10030408687076697
5752.059770703427    0.10030408687076697
8678.45408250756    0.10063088036915943
14074.723497014324    0.10009094154218069
26624.340418435186    0.10030408687076697
37297.44312219673    0.10030408687076697
52249.15402938079    0.10030408687076697
73194.67149106794    0.10030408687076697
101287.54037034308    0.10123215190304496
143641.48011789538    0.10030408687076697
201224.1374053252    0.10030408687076697
284602.9345777795    0.10109364071697588
394893.94983998087    0.10059521416791314
553198.1037644029    0.10059521416791314
774962.853020507    0.10059521416791314
1085628.1311793139    0.10059521416791314
1520832.1722959955    0.10059521416791314
2130499.781520996    0.10059521416791314
2984569.5019776267    0.10059521416791314
4181016.6747708353    0.10059521416791314
5857092.76434299    0.10059521416791314
8205070.278032085    0.10056871317019407
9861363.356048722    0.10030408687076697