#  Default powerspectra (Gaussian) saved in example file 'power_spectrum.py'.
1.000000000000000000e+01 7.640594014936104865e-08
1.176811952434998432e+01 7.640762884426433293e-08
1.384886371393873183e+01 7.640961616650311004e-08
1.629750834620644184e+01 7.641195493462508902e-08
1.917910261672488659e+01 7.641470731292763589e-08
2.257019719633920474e+01 7.641794646651788039e-08
2.656087782946686815e+01 7.642175851001031986e-08
3.125715849688235082e+01 7.642624480217974419e-08
3.678379771828634404e+01 7.643152464826435731e-08
4.328761281083057355e+01 7.643773848275016441e-08
5.094138014816380178e+01 7.644505161862138790e-08
5.994842503189408944e+01 7.645365866466118950e-08
7.054802310718642389e+01 7.646378873090800010e-08
8.302175681319744172e+01 7.647571156436825882e-08
9.770099572992251069e+01 7.648974478326825717e-08
1.149756995397735579e+02 7.650626240935591688e-08
1.353047774579807481e+02 7.652570493507984309e-08
1.592282793341092315e+02 7.654859120716254515e-08
1.873817422860383033e+02 7.657553246179718135e-08
2.205130739903045480e+02 7.660724891140199052e-08
2.595024211399737055e+02 7.664458936114982196e-08
3.053855508833415797e+02 7.668855442854887119e-08
3.593813663804625662e+02 7.674032405531087591e-08
4.229242874389498752e+02 7.680129014293368022e-08
4.977023564332108663e+02 7.687309531870484509e-08
5.857020818056661255e+02 7.695767905623983140e-08
6.892612104349694846e+02 7.705733264608209615e-08
8.111308307896872520e+02 7.717476485306913440e-08
9.545484566618337112e+02 7.731318052931324784e-08
1.123324032978027617e+03 7.747637500319526849e-08
1.321941148466028608e+03 7.766884777461359537e-08
1.555676143930472335e+03 7.789593996795068756e-08
1.830738280295367758e+03 7.816400120031356568e-08
2.154434690031882383e+03 7.848059311576913374e-08
2.535364493970111653e+03 7.885473896004266981e-08
2.983647240283337396e+03 7.929723142760179572e-08
3.511191734215130964e+03 7.982101489421570828e-08
4.132012400115334458e+03 8.044166347098291129e-08
4.862601580065353119e+03 8.117798368874757474e-08
5.722367659350214126e+03 8.205278093931114806e-08
6.734150657750821665e+03 8.309384339193084238e-08
7.924828983539169712e+03 8.433521797128648683e-08
9.326033468832200015e+03 8.581888317516691126e-08
1.097498765493054452e+04 8.759696773438330877e-08
1.291549665014882703e+04 8.973472974877225375e-08
1.519911082952933066e+04 9.231460970212305444e-08
1.788649529057435211e+04 9.544182163013770818e-08
2.104904144512021958e+04 9.925218088389517138e-08
2.477076355991708988e+04 1.039232366619057499e-07
2.915053062825175948e+04 1.096903720747410203e-07
3.430469286314912461e+04 1.168705097414878316e-07
4.037017258596549800e+04 1.258976946693182171e-07
4.750810162102793402e+04 1.373776259514982525e-07
5.590810182512222673e+04 1.521731252935222997e-07
6.579332246575682075e+04 1.715413929730570567e-07
7.742636826811278297e+04 1.973603340155991530e-07
9.111627561154887371e+04 2.325126402575822990e-07
1.072267222010323167e+05 2.815583097371637163e-07
1.261856883066020964e+05 3.519530234729366431e-07
1.484968262254463625e+05 4.563387635882933743e-07
1.747528400007683085e+05 6.170271088371522598e-07
2.056512308348651568e+05 8.751646059228733509e-07
2.420128264794383431e+05 1.310368762321392844e-06
2.848035868435798911e+05 2.084953631780905066e-06
3.351602650938840816e+05 3.548924921096029080e-06
3.944206059437656077e+05 6.503164759222625258e-06
4.641588833612772287e+05 1.289584757976544097e-05
5.462277217684336938e+05 2.776113232586561124e-05
6.428073117284319596e+05 6.484615943300932480e-05
7.564633275546290679e+05 1.633233316902922788e-04
8.902150854450374609e+05 4.367494439386908778e-04
1.047615752789664082e+06 1.204347773800467638e-03
1.232846739442065824e+06 3.258565262386740099e-03
1.450828778495940147e+06 7.988149777921718306e-03
1.707352647470688680e+06 1.568636961998581131e-02
2.009233002565045841e+06 2.049453950582453068e-02
2.364489412645407021e+06 1.353475367600168004e-02
2.782559402207125910e+06 3.024292954001097777e-03
3.274549162877724972e+06 1.279569671528738527e-04
3.853528593710527290e+06 4.457617738817375434e-07
4.534878508128582500e+06 3.900393111235876863e-11
5.336699231206301600e+06 1.590797860645619764e-17
6.280291441834246740e+06 2.800143829395207948e-27
7.390722033525775187e+06 7.456647223544616002e-42
8.697490026177834719e+06 2.716558799765109394e-63
1.023531021899024770e+07 1.853588220548897724e-94
1.204503540258781239e+07 2.341863045077051214e-139
1.417474162926804833e+07 1.399899641245703567e-203
1.668100537200059183e+07 6.284121158527807371e-295
1.963040650040268525e+07 0.000000000000000000e+00
2.310129700083158165e+07 0.000000000000000000e+00
2.718588242732940242e+07 0.000000000000000000e+00
3.199267137797384337e+07 0.000000000000000000e+00
3.764935806792463362e+07 0.000000000000000000e+00
4.430621457583877444e+07 0.000000000000000000e+00
5.214008287999684364e+07 0.000000000000000000e+00
6.135907273413163424e+07 0.000000000000000000e+00
7.220809018385456502e+07 0.000000000000000000e+00
8.497534359086437523e+07 0.000000000000000000e+00
1.000000000000000000e+08 0.000000000000000000e+00
