-8.00000 0.56388
-7.93467 0.56547
-7.86935 0.56766
-7.80402 0.57052
-7.73869 0.57411
-7.67337 0.57791
-7.60804 0.58195
-7.54271 0.58612
-7.47739 0.59032
-7.41206 0.59455
-7.34673 0.59879
-7.28141 0.60304
-7.21608 0.60728
-7.15075 0.61153
-7.08543 0.61578
-7.02010 0.62002
-6.95477 0.62427
-6.88945 0.62851
-6.82412 0.63276
-6.75879 0.63701
-6.69347 0.64125
-6.62814 0.64550
-6.56281 0.64974
-6.49749 0.65398
-6.43216 0.65821
-6.36683 0.66242
-6.30151 0.66661
-6.23618 0.67070
-6.17085 0.67473
-6.10553 0.67868
-6.04020 0.68247
-5.97487 0.68620
-5.90955 0.68988
-5.84422 0.69362
-5.77889 0.69743
-5.71357 0.70138
-5.64824 0.70552
-5.58291 0.70973
-5.51759 0.71402
-5.45226 0.71829
-5.38693 0.72253
-5.32161 0.72668
-5.25628 0.73075
-5.19095 0.73478
-5.12563 0.73874
-5.06030 0.74268
-4.99497 0.74661
-4.92965 0.75050
-4.86432 0.75436
-4.79899 0.75819
-4.73367 0.76187
-4.66834 0.76541
-4.60302 0.76881
-4.53769 0.77185
-4.47236 0.77470
-4.40704 0.77732
-4.34171 0.77967
-4.27638 0.78193
-4.21106 0.78408
-4.14573 0.78617
-4.08040 0.78823
-4.01508 0.79027
-3.94975 0.79225
-3.88442 0.79418
-3.81910 0.79603
-3.75377 0.79776
-3.68844 0.79940
-3.62312 0.80085
-3.55779 0.80213
-3.49246 0.80328
-3.42714 0.80417
-3.36181 0.80488
-3.29648 0.80545
-3.23116 0.80578
-3.16583 0.80598
-3.10050 0.80609
-3.03518 0.80601
-2.96985 0.80583
-2.90452 0.80554
-2.83920 0.80502
-2.77387 0.80436
-2.70854 0.80352
-2.64322 0.80242
-2.57789 0.80117
-2.51256 0.79969
-2.44724 0.79791
-2.38191 0.79595
-2.31658 0.79371
-2.25126 0.79121
-2.18593 0.78854
-2.12060 0.78564
-2.05528 0.78254
-1.98995 0.77932
-1.92462 0.77587
-1.85930 0.77227
-1.79397 0.76855
-1.72864 0.76462
-1.66332 0.76054
-1.59799 0.75633
-1.53266 0.75181
-1.46734 0.74709
-1.40201 0.74218
-1.33668 0.73685
-1.27136 0.73133
-1.20603 0.72559
-1.14070 0.71955
-1.07538 0.71339
-1.01005 0.70708
-0.94472 0.70067
-0.87940 0.69422
-0.81407 0.68773
-0.74874 0.68125
-0.68342 0.67477
-0.61809 0.66833
-0.55276 0.66194
-0.48744 0.65557
-0.42211 0.64922
-0.35678 0.64285
-0.29146 0.63642
-0.22613 0.62983
-0.16080 0.62306
-0.09548 0.61613
-0.03015 0.60889
0.03518 0.60150
0.10050 0.59398
0.16583 0.58633
0.23116 0.57868
0.29648 0.57104
0.36181 0.56349
0.42714 0.55598
0.49246 0.54853
0.55779 0.54113
0.62312 0.53376
0.68844 0.52641
0.75377 0.51909
0.81910 0.51179
0.88442 0.50452
0.94975 0.49730
1.01508 0.49012
1.08040 0.48300
1.14573 0.47593
1.21106 0.46892
1.27638 0.46198
1.34171 0.45514
1.40704 0.44836
1.47236 0.44173
1.53769 0.43521
1.60302 0.42878
1.66834 0.42250
1.73367 0.41629
1.79899 0.41014
1.86432 0.40408
1.92965 0.39804
1.99497 0.39203
2.06030 0.38608
2.12563 0.38014
2.19095 0.37425
2.25628 0.36840
2.32161 0.36260
2.38693 0.35686
2.45226 0.35122
2.51759 0.34564
2.58291 0.34017
2.64824 0.33480
2.71357 0.32950
2.77889 0.32433
2.84422 0.31927
2.90955 0.31431
2.97487 0.30954
3.04020 0.30490
3.10553 0.30038
3.17085 0.29604
3.23618 0.29178
3.30151 0.28758
3.36683 0.28345
3.43216 0.27934
3.49749 0.27525
3.56281 0.27117
3.62814 0.26710
3.69347 0.26305
3.75879 0.25906
3.82412 0.25510
3.88945 0.25122
3.95477 0.24746
4.02010 0.24379
4.08543 0.24024
4.15075 0.23680
4.21608 0.23343
4.28141 0.23014
4.34673 0.22689
4.41206 0.22366
4.47739 0.22047
4.54271 0.21730
4.60804 0.21416
4.67337 0.21111
4.73869 0.20820
4.80402 0.20540
4.86935 0.20298
4.93467 0.20086
5.00000 0.19900
