1.e-18	1.0197990804327737
1.e-17	1.0197990804327737
1.e-16	1.0197990804327737
1.e-15	1.0197990804327737
1.e-14	1.0197990804327737
1.e-13	1.0197990804327737
1.e-12	1.0197990804327737
1.e-11	1.0197990804327737
1.e-10	1.0197990804327737
1.e-9	1.0197990804327737
1.e-8	1.0197990804327737
1.e-7	1.0197990804327737
1.0232929922807536e-7	1.0197991095863892
1.0471285480508985e-7	1.0197991383538634
1.0715193052376071e-7	1.0197991667359556
1.0964781961431852e-7	1.0197991947433092
1.122018454301963e-7	1.0197992223768346
1.1481536214968817e-7	1.019799249645762
1.1748975549395303e-7	1.0197992765524972
1.2022644346174132e-7	1.019799303104419
1.2302687708123812e-7	1.0197993293054208
1.2589254117941662e-7	1.0197993551610758
1.2882495516931348e-7	1.0197993806767092
1.3182567385564074e-7	1.019799405856177
1.3489628825916533e-7	1.0197994307061429
1.380384264602884e-7	1.0197994552288667
1.4125375446227555e-7	1.0197994794322263
1.445439770745928e-7	1.0197995033170328
1.479108388168207e-7	1.019799526892233
1.5135612484362072e-7	1.0197995501577473
1.5488166189124826e-7	1.019799573122251
1.584893192461114e-7	1.0197995957862331
1.6218100973589298e-7	1.019799618157222
1.6595869074375596e-7	1.0197996402367229
1.6982436524617461e-7	1.0197996620309853
1.7378008287493765e-7	1.0197996835425123
1.7782794100389227e-7	1.0197997047763145
1.8197008586099824e-7	1.0197997257358518
1.8620871366628656e-7	1.0197997464249553
1.9054607179632483e-7	1.019799766847984
1.9498445997580455e-7	1.0197997870076618
1.9952623149688787e-7	1.0197998069091776
2.0417379446695275e-7	1.0197998265542314
2.0892961308540409e-7	1.0197998459487625
2.1379620895022324e-7	1.019799865093537
2.187761623949552e-7	1.019799883995161
2.2387211385683377e-7	1.0197999026535598
2.2908676527677748e-7	1.0197999210759194
2.3442288153199228e-7	1.0197999392616877
2.39883291901949e-7	1.019799957217739
2.4547089156850283e-7	1.0197999749439668
2.5118864315095823e-7	1.0197999924465038
2.570395782768865e-7	1.01980000972583
2.6302679918953816e-7	1.0198000267873084
2.691534803926914e-7	1.019800043631986
2.754228703338169e-7	1.019800060264486
2.818382931264455e-7	1.0198000766863953
2.8840315031266057e-7	1.019800092901633
2.951209226666384e-7	1.019800108912294
3.019951720402019e-7	1.0198001247216342
3.090295432513592e-7	1.0198001403322192
3.162277660168379e-7	1.0198001557466858
3.235936569296281e-7	1.0198001709680324
3.311311214825908e-7	1.0198001859983206
3.3884415613920274e-7	1.019800200840942
3.4673685045253164e-7	1.0198002154974277
3.548133892335753e-7	1.0198002299715236
3.6307805477010174e-7	1.0198002442642757
3.715352290971728e-7	1.0198002583797434
3.8018939632056126e-7	1.0198002723185315
3.890451449942805e-7	1.0198002860849757
3.981071705534969e-7	1.019800299679282
4.0738027780411303e-7	1.0198003131060247
4.168693834703355e-7	1.0198003263650517
4.2657951880159254e-7	1.0198003394611406
4.3651583224016567e-7	1.0198003523938208
4.466835921509635e-7	1.0198003651680398
4.5708818961487516e-7	1.0198003777830844
4.677351412871981e-7	1.0198003902439219
4.78630092322638e-7	1.0198007114990741
4.897788193684466e-7	1.0198046601596824
5.011872336272725e-7	1.0197980599491439
5.128613839913648e-7	1.0197644474293621
5.248074602497723e-7	1.0197213305010082
5.370317963702533e-7	1.019680842324912
5.495408738576248e-7	1.0196392646622552
5.62341325190349e-7	1.019597250223985
5.754399373371567e-7	1.0195547599622252
5.888436553555884e-7	1.0195119795631116
6.025595860743581e-7	1.0194681825534686
6.165950018614822e-7	1.0194227667674514
6.30957344480193e-7	1.0193732942213933
6.456542290346562e-7	1.0193180369293893
6.606934480075964e-7	1.0192617803056896
6.760829753919819e-7	1.019207381199962
6.918309709189363e-7	1.0191536162722268
7.079457843841374e-7	1.019100472365652
7.244359600749906e-7	1.0190479473406124
7.413102413009177e-7	1.0189960288839734
7.585775750291836e-7	1.0189460650708877
7.762471166286911e-7	1.0188970196428455
7.943282347242822e-7	1.018836848575607
8.128305161640995e-7	1.018760334045901
8.317637711026709e-7	1.0186788220494691
8.511380382023759e-7	1.0185974355965803
8.709635899560814e-7	1.0185163045792787
8.912509381337459e-7	1.0184367179624885
9.120108393559096e-7	1.0183580291747645
9.332543007969905e-7	1.0182802235797526
9.549925860214369e-7	1.0182032956416467
9.77237220955811e-7	1.0181272313529615
1.e-6	1.0180528086868663
1.0232929922807537e-6	1.0179791041338462
1.0471285480508985e-6	1.0179019842360757
1.071519305237607e-6	1.0178173725947837
1.096478196143185e-6	1.0177160034993276
1.122018454301963e-6	1.0175963236244145
1.148153621496884e-6	1.017474663057367
1.1748975549395304e-6	1.0173578469700884
1.2022644346174132e-6	1.0172422975791822
1.2302687708123811e-6	1.0171279963517357
1.2589254117941661e-6	1.0170149361424616
1.288249551693135e-6	1.0169030985293892
1.3182567385564074e-6	1.01679272205154
1.3489628825916533e-6	1.016683512209261
1.3803842646028865e-6	1.0165741905963863
1.4125375446227554e-6	1.0164634579703686
1.445439770745928e-6	1.0163483092997574
1.479108388168207e-6	1.0162279586104765
1.5135612484362072e-6	1.016107674202508
1.5488166189124796e-6	1.0159898869578772
1.584893192461114e-6	1.0158733705099234
1.6218100973589298e-6	1.0157581034223917
1.6595869074375596e-6	1.0156440818589525
1.698243652461746e-6	1.0155312839261086
1.7378008287493763e-6	1.0154197066677435
1.778279410038923e-6	1.0153093276729541
1.8197008586099826e-6	1.0152001449260935
1.8620871366628656e-6	1.0150921354461448
1.9054607179632483e-6	1.0149852982098253
1.9498445997580454e-6	1.0148796096206254
1.9952623149688787e-6	1.0147762594637801
2.0417379446695316e-6	1.0146750051636388
2.0892961308540407e-6	1.01456401374256
2.1379620895022326e-6	1.014435279016955
2.1877616239495517e-6	1.0143018911379449
2.2387211385683376e-6	1.0141714304839462
2.2908676527677747e-6	1.014041805992746
2.3442288153199226e-6	1.0139139309544989
2.3988329190194897e-6	1.0137874210939275
2.4547089156850335e-6	1.013662241857848
2.5118864315095823e-6	1.0135384018095963
2.5703957827688647e-6	1.0134158653312535
2.6302679918953817e-6	1.0132946424233502
2.6915348039269138e-6	1.0131746964114339
2.7542287033381634e-6	1.0130560387268428
2.818382931264455e-6	1.0129386316552902
2.884031503126606e-6	1.0128224880429593
2.951209226666384e-6	1.012707569160845
3.0199517204020193e-6	1.0125938855740033
3.090295432513592e-6	1.0124813323851316
3.162277660168379e-6	1.0123701433324017
3.235936569296281e-6	1.0122604013315362
3.3113112148259077e-6	1.0121524576020262
3.3884415613920275e-6	1.0120470145973406
3.467368504525317e-6	1.011943301461798
3.548133892335753e-6	1.0118404558557985
3.6307805477010175e-6	1.0117386983214722
3.7153522909717276e-6	1.0116380222162191
3.801893963205613e-6	1.0115384367958777
3.890451449942805e-6	1.011439911528032
3.981071705534969e-6	1.0113424534363964
4.073802778041131e-6	1.0112468882411383
4.168693834703355e-6	1.0111511544529277
4.265795188015926e-6	1.0110519617185632
4.365158322401665e-6	1.0109491365896466
4.466835921509635e-6	1.0108415896137124
4.570881896148752e-6	1.0107313679427452
4.677351412871981e-6	1.0106225528278598
4.78630092322638e-6	1.0105154809535808
4.897788193684457e-6	1.0104095448534207
5.011872336272725e-6	1.0103047403286047
5.128613839913648e-6	1.0102007284216215
5.248074602497723e-6	1.0100980840513565
5.370317963702533e-6	1.0099975066659115
5.4954087385762485e-6	1.0099008592208412
5.623413251903491e-6	1.0098133810277063
5.754399373371567e-6	1.0097350386839403
5.888436553555884e-6	1.0096586758627553
6.025595860743581e-6	1.0095816269134843
6.165950018614822e-6	1.0095054139130581
6.30957344480193e-6	1.009430023412619
6.4565422903465625e-6	1.0093554521040757
6.606934480075964e-6	1.009281684810187
6.760829753919819e-6	1.0092086661019655
6.9183097091893625e-6	1.0091363941379217
7.079457843841373e-6	1.0090649170728028
7.244359600749906e-6	1.008994441138582
7.413102413009177e-6	1.0089292397198197
7.585775750291836e-6	1.0088731746893866
7.762471166286928e-6	1.0088203377794593
7.943282347242822e-6	1.008766384271191
8.128305161640995e-6	1.0087130262962987
8.31763771102671e-6	1.0086602456881757
8.51138038202376e-6	1.0086080587758253
8.709635899560797e-6	1.008556645511339
8.91250938133746e-6	1.0085053640258126
9.120108393559096e-6	1.0084537925205304
9.332543007969906e-6	1.0084010845303306
9.549925860214369e-6	1.0083452359446585
9.772372209558111e-6	1.008288239596207
0.00001	1.0082322915239357
0.000010232929922807536	1.0081772485163307
0.000010471285480508985	1.0081214380144121
0.00001071519305237607	1.0080693383303025
0.000010964781961431852	1.0080302072955543
0.00001122018454301963	1.0079996331776857
0.000011481536214968841	1.0079688032076626
0.000011748975549395302	1.007937198774937
0.000012022644346174132	1.0079059411538767
0.00001230268770812381	1.0078750286055833
0.000012589254117941661	1.0078425962525432
0.000012882495516931323	1.0078118728603267
0.000013182567385564074	1.0077936886275354
0.000013489628825916533	1.0077884680235434
0.000013803842646028866	1.0077852538241876
0.000014125375446227555	1.0077802155244906
0.00001445439770745928	1.0077753007091563
0.000014791083881682072	1.007770365322112
0.000015135612484362071	1.0077654851694502
0.000015488166189124797	1.0077606591629271
0.00001584893192461114	1.0077557346163155
0.0000162181009735893	1.0077507157967778
0.000016595869074375632	1.0077470591541913
0.00001698243652461746	1.0077459486734577
0.000017378008287493764	1.0077458639457302
0.00001778279410038923	1.007745838862466
0.000018197008586099827	1.0077459975747702
0.000018620871366628657	1.0077460426168203
0.000019054607179632484	1.0077459965350544
0.000019498445997580456	1.0077440718130446
0.00001995262314968883	1.0077460328009338
0.000020417379446695318	1.0077598748334768
0.00002089296130854041	1.007780801822981
0.000021379620895022323	1.0078064900704604
0.00002187761623949552	1.0078348589534543
0.00002238721138568338	1.0078620191547745
0.0000229086765276777	1.0078885857220843
0.00002344228815319923	1.0079148544112495
0.0000239883291901949	1.00794082479808
0.000024547089156850336	1.0079636713621423
0.000025118864315095822	1.0079895166085793
0.000025703957827688645	1.0080322829310489
0.000026302679918953814	1.0080891116386566
0.00002691534803926914	1.0081493221823592
0.000027542287033381633	1.0082100133780434
0.00002818382931264455	1.008270231386546
0.000028840315031266056	1.0083291918730621
0.0000295120922666639	1.008387475153138
0.000030199517204020192	1.0084450905131044
0.00003090295432513592	1.0085019208292252
0.000031622776601683795	1.008558109345147
0.00003235936569296281	1.00861384687204
0.000033113112148259076	1.008670016138967
0.000033884415613920276	1.0087312761578875
0.00003467368504525317	1.0088004311964498
0.0000354813389233576	1.0088710649495383
0.000036307805477010174	1.0089391644302474
0.00003715352290971728	1.0090064740239966
0.000038018939632056124	1.0090730152260587
0.000038904514499428046	1.0091387847080564
0.000039810717055349695	1.0092038053379353
0.00004073802778041122	1.009267675208115
0.00004168693834703355	1.0093257531163933
0.00004265795188015926	1.0093943335543218
0.000043651583224016654	1.0094976198577312
0.00004466835921509635	1.0096170514006257
0.000045708818961487516	1.0097397506654775
0.00004677351412871981	1.0098651070289948
0.000047863009232263804	1.0099874919545617
0.00004897788193684456	1.010108059537778
0.00005011872336272725	1.0102272061326776
0.00005128613839913648	1.0103449302889687
0.000052480746024977334	1.0104610501328686
0.000053703179637025325	1.0105760595708946
0.00005495408738576248	1.0106906044347257
0.00005623413251903491	1.0108052998144312
0.000057543993733715664	1.0109216329790909
0.00005888436553555884	1.011038875133165
0.000060255958607435806	1.0111547925663784
0.00006165950018614822	1.0112689515481552
0.00006309573444801943	1.0113817613003893
0.00006456542290346563	1.0114932373197627
0.00006606934480075965	1.011603396316309
0.00006760829753919819	1.0117122565502186
0.00006918309709189363	1.0118189086340756
0.00007079457843841373	1.011924438667988
0.00007244359600749891	1.0120353819103935
0.00007413102413009176	1.0121542081272443
0.00007585775750291836	1.0122739509785803
0.00007762471166286927	1.012391178971028
0.00007943282347242822	1.0125071586635082
0.00008128305161640995	1.0126216507033947
0.00008317637711026709	1.0127347786541254
0.0000851138038202376	1.0128465763509746
0.00008709635899560796	1.0129569232964089
0.00008912509381337459	1.0130656611552749
0.00009120108393559096	1.013174396261455
0.00009332543007969924	1.013284706632987
0.00009549925860214369	1.0133962044717293
0.00009772372209558111	1.013509504458259
0.0001	1.0136227722095446
0.00010232929922807547	1.0137339807768817
0.00010471285480508996	1.0138438598221469
0.0001071519305237607	1.0139524531801032
0.00010964781961431851	1.0140597504537685
0.00011220184543019641	1.0141657930052315
0.0001148153621496883	1.0142705728748065
0.00011748975549395303	1.0143746909728388
0.00012022644346174131	1.0144766464622375
0.0001230268770812381	1.014573987975717
0.00012589254117941674	1.0146681054813955
0.00012882495516931337	1.01476059616632
0.00013182567385564074	1.0148516384268185
0.00013489628825916533	1.0149417138391217
0.00013803842646028852	1.015030786920076
0.0001412537544622754	1.0151188249542953
0.0001445439770745928	1.015205829304269
0.00014791083881682073	1.015291821878563
0.00015135612484362088	1.0153768055822816
0.0001548816618912481	1.0154605930208378
0.00015848931924611142	1.0155436219351053
0.00016218100973589298	1.0156266772338838
0.00016595869074375615	1.0157102163579583
0.00016982436524617443	1.0157952085363275
0.00017378008287493763	1.0158811182165026
0.00017782794100389227	1.0159660972241555
0.00018197008586099845	1.0160497578315228
0.00018620871366628676	1.0161324375964877
0.00019054607179632481	1.0162141462378074
0.00019498445997580456	1.0162962577307406
0.0001995262314968881	1.016376585489426
0.00020417379446695296	1.0164464642692497
0.0002089296130854041	1.0165051943551544
0.00021379620895022324	1.0165615702857111
0.00021877616239495518	1.0166185307076037
0.000223872113856834	1.0166747633107764
0.00022908676527677723	1.0167304333555744
0.00023442288153199226	1.0167854586677998
0.000239883291901949	1.0168398490450496
0.0002454708915685031	1.016893369855087
0.00025118864315095795	1.0169462850425979
0.0002570395782768865	1.0170003589071754
0.00026302679918953814	1.0170563461958932
0.00026915348039269167	1.0171129426272298
0.0002754228703338166	1.0171695275853723
0.0002818382931264455	1.017225675327342
0.00028840315031266055	1.017280974535789
0.0002951209226666387	1.0173356284148891
0.0003019951720402016	1.0173896495931607
0.0003090295432513592	1.0174430400632113
0.00031622776601683794	1.0174958126217386
0.00032359365692962843	1.0175487508305607
0.0003311311214825911	1.0176017040707057
0.00033884415613920273	1.017646877837409
0.0003467368504525317	1.0176792349628443
0.0003548133892335757	1.0177074274032114
0.0003630780547701014	1.017736333583443
0.0003715352290971728	1.017764586036954
0.00038018939632056124	1.0177927487559797
0.0003890451449942805	1.017820587285623
0.00039810717055349735	1.0178481091296812
0.0004073802778041126	1.0178753139485406
0.0004168693834703355	1.0179022092390762
0.00042657951880159257	1.017929293584768
0.0004365158322401661	1.0179570480004696
0.00044668359215096305	1.0179789128007053
0.0004570881896148752	1.0179892032027105
0.00046773514128719813	1.0179946195655203
0.00047863009232263854	1.017999170522866
0.0004897788193684461	1.0180028008111173
0.0005011872336272725	1.0180069456317098
0.0005128613839913648	1.018011043361061
0.0005248074602497728	1.0180150952029052
0.0005370317963702527	1.0180191009668544
0.0005495408738576248	1.0180230618460482
0.0005623413251903491	1.0180270400251223
0.0005754399373371572	1.0180311911695494
0.0005888436553555889	1.018034414687269
0.0006025595860743581	1.0180355883150303
0.0006165950018614823	1.0180358678499934
0.0006309573444801936	1.018035983757605
0.0006456542290346556	1.0180359252387292
0.0006606934480075965	1.0180359701211794
0.0006760829753919819	1.0180360144536604
0.0006918309709189362	1.0180360581076675
0.000707945784384138	1.0180361018565502
0.0007244359600749898	1.0180361464278476
0.0007413102413009177	1.0180361919911807
0.0007585775750291836	1.0180362391948472
0.0007762471166286919	1.0180362866573287
0.0007943282347242813	1.018036333128171
0.0008128305161640995	1.0180363790680211
0.0008317637711026709	1.0180364244916968
0.0008511380382023768	1.0180366004983123
0.0008709635899560805	1.0180375881225254
0.0008912509381337459	1.0180361211955364
0.0009120108393559096	1.0180289114264807
0.0009332543007969915	1.0180165509423729
0.0009549925860214359	1.0179977445494168
0.000977237220955811	1.017976532481185
0.001	1.0179570220574803
0.0010232929922807535	1.0179377318164842
0.0010471285480509007	1.017918655504359
0.001071519305237607	1.0178998664352334
0.0010964781961431851	1.0178818291847442
0.001122018454301963	1.017862477596287
0.001148153621496884	1.017839762620252
0.0011748975549395304	1.0178136292017914
0.001202264434617413	1.0177826357319366
0.0012302687708123812	1.0177499702539703
0.0012589254117941662	1.0177187780567143
0.001288249551693135	1.0176879357244428
0.0013182567385564075	1.0176574332075055
0.0013489628825916532	1.01762727325603
0.0013803842646028838	1.0175974460079842
0.0014125375446227555	1.017568132770052
0.001445439770745928	1.0175407243400536
0.0014791083881682072	1.0175091789790256
0.0015135612484362072	1.0174659701988618
0.0015488166189124826	1.017418198382879
0.001584893192461114	1.0173709525942587
0.0016218100973589297	1.0173234447515864
0.0016595869074375598	1.017276883985136
0.001698243652461746	1.0172309809376543
0.0017378008287493763	1.0171869242828477
0.0017782794100389228	1.0171397112827225
0.0018197008586099826	1.0170833526568661
0.0018620871366628695	1.0170221488666984
0.0019054607179632482	1.0169582315174626
0.0019498445997580456	1.0168931830335812
0.001995262314968879	1.0168298295207037
0.0020417379446695315	1.0167672229104978
0.0020892961308540407	1.0167058188183529
0.0021379620895022326	1.0166436930930878
0.002187761623949552	1.0165783764957355
0.0022387211385683425	1.0165120370743188
0.0022908676527677745	1.016446157884731
0.0023442288153199225	1.0163806544497798
0.00239883291901949	1.016316047210714
0.0024547089156850286	1.016252153219992
0.002511886431509582	1.0161889514639728
0.0025703957827688645	1.0161264488459376
0.0026302679918953813	1.016064624671126
0.002691534803926914	1.0160035161952325
0.002754228703338169	1.0159435120843971
0.002818382931264455	1.0158832417064776
0.0028840315031266055	1.0158229192783175
0.0029512092266663842	1.0157559485109267
0.003019951720402019	1.015671852708813
0.003090295432513592	1.015582065437876
0.0031622776601683794	1.0154966991860055
0.003235936569296281	1.0154122649419852
0.0033113112148259144	1.015328734393512
0.0033884415613920273	1.0152461180361867
0.0034673685045253167	1.0151643878746819
0.0035481338923357532	1.015083599819506
0.0036307805477010175	1.0150054130065849
0.003715352290971728	1.0149244036340084
0.0038018939632056127	1.0148342498111778
0.003890451449942805	1.0147364302996689
0.003981071705534978	1.0146280948554716
0.00407380277804113	1.0145157520636665
0.004168693834703355	1.0144071721754278
0.004265795188015926	1.014299771309751
0.004365158322401657	1.0141935048345216
0.004466835921509635	1.0140883875613045
0.004570881896148752	1.0139853692999257
0.004677351412871981	1.013881588263437
0.00478630092322638	1.0137744977177352
0.004897788193684466	1.0136619585796018
0.005011872336272725	1.0135377925829054
0.005128613839913648	1.0134092214027473
0.005248074602497723	1.0132843160732528
0.005370317963702532	1.0131609405375117
0.005495408738576248	1.0130388601053248
0.005623413251903491	1.0129180892077774
0.005754399373371567	1.0127987606955149
0.005888436553555896	1.0126804185668736
0.0060255958607435805	1.0125624804048245
0.006165950018614822	1.012444823791814
0.00630957344480193	1.0123267961771865
0.006456542290346563	1.0122092064139299
0.006606934480075964	1.0120931051143192
0.006760829753919818	1.0119783181854631
0.006918309709189363	1.0118647516263852
0.007079457843841388	1.0117524142075345
0.007244359600749906	1.011641339994973
0.007413102413009177	1.011531371043475
0.007585775750291836	1.0114254952922337
0.007762471166286911	1.011315616498741
0.00794328234724282	1.0111851540509058
0.008128305161640995	1.0110430894887417
0.008317637711026709	1.0109044539630336
0.008511380382023759	1.0107686911302545
0.008709635899560815	1.010634353200532
0.008912509381337459	1.0105014590562682
0.009120108393559097	1.010369894752846
0.009332543007969905	1.0102399137912412
0.00954992586021437	1.010112089070387
0.009772372209558112	1.0099861977061533
0.01	1.0098616240704057
0.010232929922807537	1.0097383147158936
0.010471285480509006	1.0096172067030575
0.01071519305237607	1.0094965283710986
0.01096478196143185	1.0093720635878123
0.01122018454301963	1.0092431613657962
0.01148153621496884	1.009110037753981
0.011748975549395304	1.0089741731086923
0.012022644346174132	1.0088394574594517
0.012302687708123811	1.0087069704270828
0.012589254117941687	1.0085774792951088
0.01288249551693135	1.0084484856347722
0.013182567385564075	1.0083117156597945
0.013489628825916533	1.0081633029448753
0.013803842646028838	1.00800114064403
0.014125375446227554	1.0078265143064
0.01445439770745928	1.0076510083547427
0.014791083881682071	1.0074802581974776
0.015135612484362071	1.007311868104641
0.015488166189124828	1.0071461555157246
0.01584893192461114	1.0069832158019147
0.0162181009735893	1.0068230674019012
0.016595869074375595	1.0066653484000543
0.01698243652461746	1.0065094374303656
0.017378008287493762	1.0063515177214688
0.01778279410038923	1.006188443143844
0.018197008586099826	1.0060231362159633
0.018620871366628693	1.005856927694496
0.019054607179632484	1.0056912007070953
0.019498445997580455	1.0055277558544056
0.01995262314968879	1.0053668906153026
0.020417379446695316	1.0052097702221776
0.02089296130854041	1.0050555430128112
0.021379620895022326	1.0049037639983394
0.02187761623949552	1.0047540928715246
0.022387211385683423	1.0046122241282809
0.022908676527677748	1.0044601860100664
0.023442288153199226	1.0042699472738266
0.023988329190194897	1.0040615200644543
0.024547089156850284	1.0038539313831913
0.025118864315095822	1.0036465029972816
0.025703957827688646	1.0034414462326455
0.026302679918953815	1.0032403591295775
0.02691534803926914	1.003046974851624
0.02754228703338169	1.0028593460712982
0.02818382931264455	1.0026734358550298
0.028840315031266057	1.00248895441991
0.02951209226666384	1.0023068362598904
0.030199517204020192	1.002126271732434
0.03090295432513592	1.0019450404859152
0.03162277660168379	1.0017628376473293
0.03235936569296281	1.0015807372458971
0.03311311214825914	1.0013993390637015
0.03388441561392028	1.0012195818328251
0.034673685045253165	1.0010420253824084
0.03548133892335753	1.0008676941376444
0.03630780547701017	1.0006958672231057
0.037153522909717275	1.0005156338623205
0.038018939632056124	1.0003191013278705
0.03890451449942805	1.0001165533128582
0.039810717055349776	0.9999140333051642
0.0407380277804113	0.9997117590514933
0.04168693834703355	0.9995127419426785
0.04265795188015926	0.9993158939465274
0.04365158322401656	0.9991242608707045
0.04466835921509635	0.99892865513768
0.04570881896148752	0.9987147871966454
0.046773514128719815	0.9984933866430203
0.0478630092322638	0.9982748813308759
0.048977881936844665	0.9980584227279378
0.05011872336272725	0.9978443482651279
0.05128613839913648	0.997632640401618
0.05248074602497723	0.9974230665883838
0.053703179637025325	0.9972157527600909
0.05495408738576248	0.9970110012449527
0.05623413251903491	0.9968087643996544
0.057543993733715666	0.9966086717000163
0.05888436553555896	0.9964105867599893
0.06025595860743581	0.996214816378048
0.06165950018614822	0.996021120817841
0.0630957344480193	0.9958299351274967
0.06456542290346562	0.9956399464980838
0.06606934480075964	0.9954333377248129
0.06760829753919818	0.9951930536113059
0.06918309709189363	0.9949433092526747
0.07079457843841387	0.9947036444335269
0.07244359600749906	0.994466463319599
0.07413102413009177	0.9942316992334688
0.07585775750291836	0.9939993373482712
0.07762471166286912	0.9937692499397864
0.07943282347242822	0.9935414271044128
0.08128305161640995	0.9933156970369483
0.08317637711026708	0.9930921602805455
0.08511380382023759	0.9928709253996947
0.08709635899560814	0.9926520065677014
0.08912509381337459	0.9924363658913626
0.09120108393559097	0.992222392595077
0.09332543007969905	0.9920057912689045
0.09549925860214369	0.9917835637917863
0.09772372209558111	0.9915520902775022
0.1	0.9913093409679729
0.10232929922807536	0.991064994402038
0.10471285480509006	0.9908263105403937
0.10715193052376071	0.9905909796859588
0.1096478196143185	0.99036435015809
0.1122018454301963	0.9901255162613366
0.1148153621496884	0.9898421044350117
0.11748975549395303	0.9895386280329451
0.12022644346174131	0.9892341692475127
0.1230268770812381	0.9889292625633865
0.12589254117941687	0.9886265268706522
0.1288249551693135	0.9883298478665173
0.13182567385564073	0.9880472942780286
0.13489628825916533	0.9877775450251454
0.13803842646028866	0.9875116401838476
0.14125375446227553	0.9872465099291385
0.1445439770745928	0.9869964924442951
0.1479108388168207	0.9867543493576687
0.1513561248436207	0.9864936943981231
0.15488166189124827	0.9861949260338311
0.15848931924611143	0.9858778511037497
0.16218100973589297	0.9855534326225123
0.16595869074375597	0.9852258073076371
0.1698243652461746	0.9849047465965745
0.17378008287493762	0.9845922146238475
0.1778279410038923	0.984297324050349
0.18197008586099825	0.9840140855099752
0.18620871366628694	0.983734839256495
0.19054607179632482	0.9834555478036408
0.19498445997580455	0.9831738409792125
0.1995262314968879	0.9828827681717394
0.20417379446695316	0.9825644775081067
0.2089296130854041	0.9822131438769336
0.21379620895022325	0.981857470833323
0.21877616239495518	0.9815161729866214
0.22387211385683423	0.9811650832728369
0.22908676527677746	0.9807855743496707
0.23442288153199228	0.9803916769651793
0.239883291901949	0.979991899587392
0.24547089156850335	0.979585421465499
0.25118864315095824	0.9791732971722076
0.25703957827688645	0.9787585625029002
0.26302679918953814	0.978343315292706
0.2691534803926914	0.9779338000540974
0.2754228703338169	0.9775436470813731
0.2818382931264455	0.9771747195275817
0.28840315031266056	0.9768192518483695
0.2951209226666384	0.9764684083677513
0.30199517204020193	0.9760881662469378
0.30902954325135923	0.9756439850537377
0.31622776601683794	0.9751716294293867
0.3235936569296281	0.9746940460992874
0.33113112148259144	0.9742132697430476
0.33884415613920277	0.9737456015799123
0.34673685045253166	0.9732857693873967
0.3548133892335753	0.9728351085357786
0.36307805477010174	0.972383279134162
0.3715352290971728	0.9719083365903831
0.38018939632056126	0.971408241717604
0.3890451449942805	0.9708992055671163
0.39810717055349776	0.9703860223744486
0.407380277804113	0.9698575498683195
0.41686938347033553	0.9693071428110784
0.42657951880159256	0.9687440210433562
0.43651583224016655	0.9681735589150962
0.4466835921509635	0.9676009393466702
0.4570881896148752	0.9670369463166808
0.4677351412871981	0.9664781701971367
0.47863009232263803	0.9659219977436719
0.48977881936844664	0.9653691407634056
0.5011872336272725	0.9648248773620833
0.5128613839913648	0.9642843921601725
0.5248074602497723	0.9637317225279187
0.5370317963702532	0.963155605958268
0.5495408738576248	0.9625499365683959
0.5623413251903491	0.9619014318696611
0.5754399373371566	0.9612384931276896
0.5888436553555896	0.9605964404412171
0.6025595860743581	0.9599556889683145
0.6165950018614822	0.9593080358946524
0.630957344480193	0.9586509649469233
0.6456542290346563	0.957976339944842
0.6606934480075964	0.9572882207198449
0.6760829753919819	0.9566027253619005
0.6918309709189363	0.9559259948009873
0.7079457843841388	0.95524624113164
0.7244359600749906	0.954556404321115
0.7413102413009177	0.9538625848272317
0.7585775750291835	0.9531748786345087
0.7762471166286927	0.9524763329610191
0.7943282347242822	0.9517566359998648
0.8128305161640995	0.951000360506687
0.8317637711026709	0.9501857279610233
0.8511380382023759	0.9492987207065812
0.8709635899560815	0.9483103445206703
0.8912509381337459	0.9472144693470769
0.9120108393559097	0.9461201064636412
0.9332543007969905	0.9451494520872195
0.9549925860214369	0.94420078009896
0.9772372209558111	0.9432010633223469
1.	0.942172058066239
1.0232929922807537	0.9411341003812088
1.0471285480509007	0.9400699063878636
1.071519305237607	0.938944170552027
1.096478196143185	0.9377313274918133
1.122018454301963	0.9364067159774668
1.1481536214968842	0.9349218628320651
1.1748975549395304	0.9333766710011727
1.2022644346174132	0.9318856065139043
1.2302687708123812	0.930418985952292
1.2589254117941688	0.9289902013118088
1.288249551693135	0.9275722793251542
1.3182567385564075	0.9260417869292101
1.3489628825916533	0.9243380104364453
1.3803842646028865	0.9226215604538252
1.4125375446227555	0.9209677903029526
1.4454397707459279	0.9193535911632243
1.4791083881682072	0.9178323257862089
1.513561248436207	0.9163211513092522
1.5488166189124828	0.9146470003811926
1.584893192461114	0.9128166636616628
1.6218100973589298	0.9110591045474995
1.6595869074375598	0.9095744141123
1.698243652461746	0.9081934090429037
1.7378008287493762	0.9068084824816124
1.7782794100389228	0.9054421145453463
1.8197008586099825	0.9040807621325084
1.8620871366628695	0.9027421722306577
1.9054607179632483	0.9015166201911111
1.9498445997580456	0.9005702769107736
1.9952623149688788	0.8997454804586958
2.041737944669532	0.8989027354228465
2.089296130854041	0.898043036186883
2.1379620895022327	0.8972683007340906
2.1877616239495516	0.8966815904530091
2.2387211385683425	0.8962226293214883
2.290867652767775	0.8958726436613182
2.344228815319923	0.8956269768018933
2.39883291901949	0.8954985324266529
2.4547089156850337	0.8955008191061443
2.5118864315095824	0.8956212259490517
2.570395782768865	0.8958507629407386
2.6302679918953813	0.8961813601861153
2.691534803926914	0.8965921956683967
2.754228703338169	0.8970199208017754
2.818382931264455	0.8974568082474612
2.8840315031266055	0.8980187656921216
2.951209226666384	0.8988636269791987
3.019951720402019	0.8999777174136268
3.090295432513592	0.9012668189009445
3.1622776601683795	0.9026313697492347
3.235936569296281	0.904092218338437
3.3113112148259143	0.9056722053535762
3.3884415613920273	0.907385863662787
3.4673685045253166	0.9092205741247075
3.5481338923357533	0.9111664991408146
3.6307805477010175	0.9132205113701102
3.715352290971728	0.9153614393471678
3.801893963205613	0.9175697796138903
3.890451449942805	0.9197631425466325
3.9810717055349776	0.9220209501159788
4.07380277804113	0.9243770350952482
4.168693834703355	0.9269886153147321
4.265795188015925	0.9294630412912684
4.3651583224016655	0.9318611786389234
4.4668359215096345	0.9339136578248162
4.570881896148752	0.9358615643452419
4.677351412871981	0.9377815943278772
4.7863009232263805	0.939800025456836
4.897788193684466	0.9418321830104273
5.011872336272725	0.9438739939607755
5.1286138399136485	0.9459210098355868
5.248074602497723	0.9479657947997286
5.370317963702533	0.9500197638185012
5.4954087385762485	0.9520718871495533
5.623413251903491	0.9540462770947875
5.754399373371567	0.9558053028706144
5.888436553555896	0.9573767577877613
6.025595860743581	0.958889070954549
6.165950018614822	0.9604931610988017
6.30957344480193	0.9621462214707338
6.456542290346563	0.9638441612424431
6.606934480075965	0.9656377496578281
6.760829753919819	0.9673546690458715
6.918309709189363	0.9687626653742758
7.0794578438413875	0.9698737944115647
7.244359600749906	0.9709101816202013
7.413102413009177	0.9721451149926004
7.585775750291836	0.9734168431930482
7.762471166286928	0.974694518787671
7.943282347242821	0.97594850657473
8.128305161640995	0.9771442767885011
8.317637711026709	0.9782175428677584
8.511380382023777	0.9792222037265756
8.709635899560814	0.9801893796714267
8.91250938133746	0.9811183598465365
9.120108393559097	0.9820112231627932
9.332543007969905	0.9828652705645007
9.549925860214369	0.9836546432857172
9.772372209558112	0.9843523838382604
10.	0.9849916686209491
10.232929922807536	0.9855920970353509
10.471285480508985	0.9861678759668289
10.715193052376048	0.9867502764964937
10.964781961431873	0.9873418732099059
11.220184543019652	0.987946523813006
11.481536214968841	0.9885335781825362
11.748975549395302	0.9890828359789046
12.02264434617413	0.9895924897593477
12.30268770812381	0.9900967558600801
12.589254117941662	0.9906055640039422
12.882495516931323	0.9910707298250622
13.1825673855641	0.9914660225228884
13.48962882591656	0.9918292190973667
13.803842646028867	0.9921813475694095
14.125375446227554	0.9925206497472416
14.45439770745928	0.9928550486627312
14.791083881682072	0.9931662957880747
15.135612484362072	0.9934364744586615
15.488166189124795	0.9936899387304456
15.84893192461111	0.9939531069139299
16.218100973589333	0.9941893129877708
16.59586907437563	0.9943559466532833
16.98243652461746	0.994495262363419
17.378008287493763	0.9946500238433149
17.78279410038923	0.9947942793467689
18.197008586099827	0.9949117308109079
18.620871366628656	0.9950059051285634
19.054607179632445	0.995071712461449
19.498445997580493	0.9951213706799211
19.95262314968883	0.9951733774167987
20.417379446695318	0.9952265713328533
20.892961308540407	0.9952848353839534
21.379620895022324	0.9953365464185567
21.87761623949552	0.9953527837403292
22.38721138568338	0.9953368881845078
22.908676527677702	0.9953158516614314
23.442288153199275	0.9952985966589599
23.988329190194946	0.995283267489043
24.547089156850337	0.9952692588312837
25.11886431509582	0.9952409871342146
25.703957827688647	0.995187027334687
26.302679918953814	0.9951231783460238
26.91534803926914	0.9950611335366978
27.542287033381633	0.9949944284979549
28.18382931264449	0.9949220104794034
28.840315031266115	0.9948413506256384
29.5120922666639	0.9947456545859977
30.199517204020193	0.9946417726890495
30.90295432513592	0.9945399059297942
31.622776601683793	0.9944408073800398
32.35936569296281	0.994345448647964
33.11311214825908	0.9942502185500135
33.884415613920204	0.994140845902413
34.67368504525324	0.9940107149809453
35.481338923357605	0.9938749209537137
36.30780547701018	0.9937435681394662
37.15352290971728	0.9936129229317758
38.018939632056124	0.9934815803620531
38.904514499428046	0.9933558310652635
39.81071705534969	0.9932458417056171
40.73802778041122	0.9931454720379745
41.68693834703364	0.9930466723887034
42.657951880159345	0.9929483283010292
43.651583224016655	0.9928512834418586
44.668359215096345	0.9927550680656657
45.708818961487516	0.9926594252989926
46.77351412871981	0.9925637800286085
47.863009232263806	0.9924653426247549
48.97788193684456	0.9923598615982815
50.11872336272735	0.9922523220606995
51.28613839913659	0.9921467661483608
52.480746024977336	0.9920432427678129
53.70317963702533	0.9919414063624117
54.954087385762485	0.9918446462347801
56.23413251903491	0.9917608864849546
57.543993733715666	0.9916900556698176
58.88436553555884	0.9916221503637493
60.25595860743569	0.9915518320952454
61.65950018614835	0.9914838642960848
63.09573444801943	0.9914185102209678
64.56542290346563	0.9913645754361105
66.06934480075964	0.9913391879348814
67.60829753919819	0.9913271962922235
69.18309709189363	0.9913129311792079
70.79457843841374	0.9912967068803687
72.44359600749891	0.9912739351571598
74.13102413009192	0.9912541862789138
75.85775750291852	0.9912717757946273
77.62471166286927	0.9913427505757147
79.43282347242821	0.9914301065023001
81.28305161640995	0.9915078398560019
83.17637711026708	0.9915860284699672
85.11380382023759	0.9916603141818899
87.09635899560796	0.9917374143086582
89.12509381337478	0.9918181085730137
91.20108393559116	0.9919155994737751
93.32543007969925	0.9920589343904873
95.49925860214368	0.9922401200261565
97.72372209558111	0.9924246960996903
100.	0.9925987049828988
102.32929922807536	0.992769546736452
104.71285480508985	0.9929367587252051
107.15193052376048	0.9931112292963702
109.64781961431873	0.9933054998774054
112.20184543019653	0.9935126573834309
114.81536214968841	0.9937328697751573
117.48975549395303	0.9939599870483113
120.22644346174131	0.9941811912729216
123.02687708123811	0.9944041542756361
125.89254117941663	0.9946467611353472
128.82495516931323	0.9949068062103752
131.825673855641	0.9951657853267191
134.8962882591656	0.9954175665947098
138.03842646028866	0.9956703521498665
141.25375446227554	0.9959281177726349
144.5439770745928	0.9962095420746983
147.91083881682073	0.9965418587599167
151.3561248436207	0.9968912560464559
154.88166189124794	0.9972260448451357
158.48931924611173	0.997556106260234
162.18100973589333	0.9978729307035057
165.9586907437563	0.998197228129183
169.8243652461746	0.9985707347651148
173.78008287493762	0.9989828576685443
177.82794100389228	0.9993949293742334
181.97008586099827	0.9997954037915027
186.20871366628657	1.0001913152208024
190.54607179632444	1.0005821378663455
194.98445997580495	1.0009682152301422
199.5262314968883	1.0013496643855362
204.17379446695315	1.0017264694783752
208.92961308540407	1.0020987701321342
213.79620895022325	1.0024665303151052
218.77616239495518	1.0028298997893268
223.87211385683378	1.0031888422986275
229.08676527677702	1.0035434884521455
234.42288153199274	1.0038938269762994
239.8832919019495	1.0042399617021753
245.47089156850336	1.0045819050920322
251.18864315095823	1.0049197356946082
257.03957827688646	1.0052534880431958
263.02679918953817	1.0055832172562584
269.1534803926914	1.0059089779788557
275.4228703338163	1.006228785030739
281.83829312644605	1.006544208821986
288.4031503126612	1.006869099631206
295.120922666639	1.007213410144863
301.9951720402019	1.0075683709452923
309.0295432513592	1.007930763708906
316.22776601683796	1.0082942794245895
323.5936569296281	1.008649852138084
331.13112148259074	1.0090009551682448
338.844156139202	1.009347730544708
346.7368504525324	1.0096901511806802
354.81338923357606	1.0100300801030837
363.07805477010174	1.0103631895092493
371.53522909717276	1.0106836426626677
380.1893963205613	1.0109913536258617
389.04514499428046	1.0112843985693154
398.1071705534969	1.0115664750046642
407.3802778041122	1.0118452314941389
416.86938347033634	1.0121218676633565
426.57951880159345	1.012395439708973
436.51583224016656	1.0126654731354898
446.6835921509635	1.012931525933234
457.0881896148752	1.0131916102050034
467.73514128719813	1.0134391100910958
478.630092322638	1.0136726272829817
489.7788193684456	1.0139011700316114
501.18723362727354	1.0141290860107477
512.8613839913659	1.0143543833080817
524.8074602497734	1.0145770711800255
537.0317963702532	1.0147957247723016
549.5408738576248	1.0150093811761167
562.341325190349	1.015219713180686
575.4399373371566	1.01542783888459
588.8436553555883	1.0156338998262402
602.5595860743568	1.0158392515703571
616.5950018614835	1.0160358212140157
630.9573444801943	1.0162161028557297
645.6542290346563	1.016379785677481
660.6934480075964	1.0165208332225935
676.0829753919819	1.016651699261901
691.8309709189363	1.0167856627792742
707.9457843841374	1.016918034771976
724.4359600749891	1.0170491018265033
741.3102413009192	1.0171781542234553
758.5775750291851	1.0173049290352965
776.2471166286928	1.017428153188085
794.3282347242822	1.017545201114475
812.8305161640995	1.0176587128457057
831.7637711026708	1.0177716624386814
851.1380382023759	1.0178833838333599
870.9635899560797	1.0179962122426418
891.2509381337477	1.0181037136887658
912.0108393559116	1.0181959940783416
933.2543007969924	1.0182765499202122
954.9925860214369	1.0183473168305246
977.2372209558112	1.0184121514418862
1000.	1.018477520159608
1023.2929922807537	1.0185426222473848
1047.1285480508984	1.0186083952709337
1071.5193052376048	1.0186712900832797
1096.4781961431872	1.018724272752706
1122.0184543019652	1.0187711129788952
1148.1536214968842	1.018817748717054
1174.8975549395302	1.0188640240592182
1202.2644346174131	1.0189098270960504
1230.268770812381	1.0189551360543783
1258.9254117941662	1.0189999664321796
1288.2495516931324	1.0190442215476363
1318.25673855641	1.0190877179743165
1348.9628825916561	1.0191305275946447
1380.3842646028866	1.019172783752548
1412.5375446227554	1.0192145130319146
1445.439770745928	1.0192557682574315
1479.1083881682073	1.0192965479479872
1513.5612484362073	1.0193386998973049
1548.8166189124795	1.0193778388314574
1584.8931924611175	1.019405074905923
1621.8100973589333	1.0194229632661918
1659.586907437563	1.0194359400606097
1698.243652461746	1.019445973356866
1737.8008287493763	1.0194563398811542
1778.2794100389228	1.019466979626221
1819.7008586099826	1.0194775772048188
1862.0871366628655	1.0194879447198804
1905.4607179632444	1.0194980272399792
1949.8445997580495	1.019507158071521
1995.262314968883	1.0195137955726223
2041.7379446695318	1.0195188373519963
2089.2961308540407	1.0195240161466408
2137.9620895022326	1.0195293010493423
2187.761623949552	1.0195345253476533
2238.7211385683377	1.0195396890546193
2290.86765276777	1.0195450995151825
2344.2288153199274	1.019550026048241
2398.832919019495	1.0195530793000853
2454.7089156850334	1.019554475613362
2511.886431509582	1.0195544681631405
2570.3957827688646	1.0195536117753818
2630.2679918953813	1.019552893115562
2691.534803926914	1.0195522870755578
2754.228703338163	1.0195516879506135
2818.3829312644607	1.0195510957385139
2884.031503126612	1.019550510282726
2951.20922666639	1.0195499315811858
3019.951720402019	1.0195493594809046
3090.295432513592	1.0195487939799266
3162.2776601683795	1.0195482349287612
3235.936569296281	1.0195476823255234
3311.311214825908	1.0195471360241735
3388.4415613920205	1.0195465960228611
3467.3685045253237	1.0195460621789492
3548.1338923357603	1.0195455344905917
3630.7805477010174	1.0195450128185028
3715.3522909717276	1.0195444971608127
3801.8939632056126	1.0195439873815357
3890.4514499428046	1.0195434834787525
3981.071705534969	1.0195429853197253
4073.802778041122	1.0195424929024632
4168.693834703364	1.0195420060974232
4265.795188015934	1.0195415249025215
4365.158322401666	1.0195410491913568
4466.835921509635	1.0195405789617358
4570.881896148751	1.0195401140903426
4677.351412871981	1.0195396545748598
4786.30092322638	1.0195392002950028
4897.788193684456	1.0195387512483152
5011.872336272735	1.0195383073174886
5128.613839913659	1.0195378684999175
5248.074602497733	1.0195374346812134
5370.317963702532	1.0195370058586115
5495.408738576249	1.0195365819205877
5623.413251903491	1.0195361628642114
5754.399373371566	1.0195357485807652
5888.436553555884	1.0195353390671467
6025.595860743569	1.0195349342173896
6165.950018614834	1.019534534028215
6309.573444801943	1.0195341383963517
6456.542290346562	1.0195337473183408
6606.9344800759645	1.0195333606935504
6760.829753919819	1.0195329785183396
6918.309709189362	1.0195326006946592
7079.457843841374	1.0195322272186862
7244.359600749891	1.0195318579948986
7413.102413009192	1.0195314930192914
7585.775750291851	1.0195311321988143
7762.471166286928	1.0195307755292815
7943.282347242822	1.0195304229200597
8128.305161640995	1.0195300743667841
8317.63771102671	1.0195297297811836
8511.380382023759	1.0195293891587185
8709.635899560797	1.0195290524134242
8912.509381337477	1.0195287195405909
9120.108393559116	1.019528390456507
9332.543007969924	1.019528065156296
9549.92586021437	1.0195277435584462
9772.372209558112	1.0195274256579203
10000.	1.0195271113753535
10232.929922807536	1.0195268007055531
10471.285480508985	1.0195264935712494
10715.193052376047	1.0195261899671
10964.781961431874	1.0195258898178787
11220.184543019654	1.0195255931181015
11481.53621496884	1.0195252997945332
11748.975549395303	1.0195250098415556
12022.644346174131	1.0195247231878746
12302.68770812381	1.0195244398277445
12589.254117941662	1.0195241596917637
12882.495516931323	1.0195238827740667
13182.567385564102	1.0195236090070943
13489.628825916561	1.0195233383848703
13803.842646028867	1.0195230708416294
14125.375446227554	1.0195228063712931
14454.39770745928	1.0195225449098353
14791.083881682072	1.0195222864510995
15135.612484362071	1.0195220309327637
15488.166189124795	1.0195217783486479
15848.931924611174	1.019521528638194
16218.100973589331	1.0195212817951596
16595.86907437563	1.0195210377605985
16982.43652461746	1.0195207965281945
17378.00828749376	1.01952055804055
17782.794100389227	1.0195203222912819
18197.008586099826	1.0195200892245044
18620.871366628657	1.0195198588337753
19054.607179632443	1.0195196310646788
19498.445997580493	1.0195194059107224
19952.62314968883	1.01951918331892
20417.379446695315	1.0195189632827368
20892.96130854041	1.0195187457505772
21379.620895022323	1.0195185307158712
21877.616239495517	1.019518318128376
22387.21138568338	1.0195181079814937
22908.6765276777	1.0195179002262973
23442.288153199275	1.0195176948561673
23988.32919019495	1.0195174918234573
24547.089156850336	1.019517291121532
25118.864315095823	1.019517092703991
25703.957827688646	1.0195168965641894
26302.679918953814	1.019516702656938
26915.348039269138	1.019516510975589
27542.28703338163	1.0195163214761316
28183.829312644608	1.0195161341519203
28840.315031266116	1.0195159489600896
29512.0922666639	1.0195157658940024
30199.51720402019	1.0195155849119077
30902.95432513592	1.019515406007181
31622.776601683792	1.0195152291391556
32359.36569296281	1.0195150543012241
33113.112148259075	1.0195148814537751
33884.4156139202	1.0195147105902227
34673.68504525324	1.0195145416719815
35481.3389233576	1.019514374692492
36307.80547701017	1.019514209614166
37153.52290971728	1.0195140464304748
38018.93963205613	1.019513885104801
38904.51449942805	1.0195137256306492
39810.71705534969	1.0195140643044955
40738.02778041122	1.0195138194094169
41686.93834703363	1.0195116335369778
42657.951880159344	1.0195053104280267
43651.58322401666	1.0194895008324156
44668.359215096345	1.0194669777303476
45708.818961487515	1.0194450389730574
46773.51412871981	1.0194242670146199
47863.0092322638	1.0194030922250366
48977.88193684456	1.0193828887565537
50118.72336272735	1.0193670962761323
51286.13839913659	1.0193548792312042
52480.746024977336	1.0193435733596916
53703.17963702533	1.01933266580525
54954.08738576248	1.019321852864804
56234.13251903491	1.0193110746064236
57543.993733715666	1.0193012408551285
58884.36553555884	1.019290580761561
60255.958607435685	1.0192755292418225
61659.50018614835	1.019255160820774
63095.73444801943	1.0192277475928475
64565.422903465624	1.0191955431065645
66069.34480075965	1.0191639056226718
67608.29753919819	1.0191333538926572
69183.09709189362	1.0191031410408422
70794.57843841374	1.0190732659262287
72443.59600749891	1.019043722412763
74131.02413009192	1.0190145093616465
75857.75750291851	1.018987220689476
77624.71166286927	1.0189584419268112
79432.82347242821	1.0189193418568727
81283.05161640995	1.018871981329345
83176.37711026709	1.018823504488214
85113.80382023759	1.0187751910889447
87096.35899560797	1.0187292610331649
89125.09381337477	1.0186820129210576
91201.08393559116	1.0186232415692054
93325.43007969925	1.018555209393597
95499.25860214369	1.0184859841497391
97723.72209558112	1.0184170518793614
100000.	1.018349377779539
102329.29922807537	1.0182821428451432
104712.85480508985	1.0182134706767865
107151.93052376092	1.0181419055463787
109647.81961431874	1.0180640431523684
112201.84543019652	1.0179818031978747
114815.3621496884	1.0179005879090117
117489.75549395304	1.0178209745412286
120226.4434617413	1.0177426154830371
123026.87708123811	1.017664650879524
125892.54117941661	1.017585516457106
128824.95516931322	1.017504199006757
131825.673855641	1.0174184321217274
134896.2882591656	1.017329675365691
138038.42646028867	1.0172419621317068
141253.75446227554	1.0171557409092047
144543.9770745928	1.0170713161304354
147910.83881682073	1.0169868306655552
151356.12484362072	1.0168986757906
154881.66189124796	1.016805105711053
158489.31924611173	1.016702473216391
162181.0097358933	1.0165935835367694
165958.6907437563	1.0164860125503192
169824.3652461746	1.016380633178799
173780.08287493762	1.0162761256507449
177827.94100389228	1.0161729706966616
181970.08586099825	1.0160721391456768
186208.71366628655	1.0159739854537284
190546.0717963252	1.0158791629037447
194984.45997580496	1.015787012567531
199526.2314968883	1.0156957987629625
204173.79446695317	1.0156053152786289
208929.6130854041	1.015518264888215
213796.20895022326	1.0154294665610055
218776.16239495517	1.0153250211898703
223872.11385683378	1.0152078744633486
229086.765276777	1.0150895552241934
234422.88153199275	1.0149721555170088
239883.29190194947	1.0148564095451411
245470.89156850334	1.0147417392635327
251188.6431509582	1.0146269904475165
257039.57827688646	1.0145098309720433
263026.7991895382	1.0143843478782617
269153.4803926914	1.014252885370865
275422.87033381633	1.0141229325225072
281838.2931264461	1.0139953439908755
288403.15031266114	1.0138690104221588
295120.92266663903	1.0137440674731153
301995.1720402019	1.0136208444882329
309029.5432513592	1.0134993047244254
316227.7660168379	1.0133792389835452
323593.6569296281	1.0132605569181568
331131.1214825908	1.0131448605131914
338844.1561392034	1.0130284728511005
346736.85045253235	1.0129033250355841
354813.389233576	1.0127677837120612
363078.05477010173	1.0126197952739795
371535.2290971728	1.012463508772776
380189.39632056124	1.012309035667191
389045.1449942805	1.0121576349716785
398107.1705534969	1.012008666708195
407380.2778041122	1.0118602830228522
416869.3834703364	1.0117079382771186
426579.51880159345	1.0115517285941145
436515.83224016655	1.0113931598058774
446683.5921509635	1.0112336617596345
457088.1896148752	1.0110763228814192
467735.1412871981	1.0109205291642012
478630.092322638	1.0107654574009837
489778.81936844566	1.0106069297305338
501187.2336272735	1.0104340268448342
512861.38399136584	1.0102505510316735
524807.4602497733	1.010069679814547
537031.7963702533	1.0098918050186745
549540.8738576248	1.0097136462995697
562341.3251903491	1.0095331523192828
575439.9373371566	1.0093453292282377
588843.6553555884	1.0091525029911868
602559.5860743594	1.0089617662031878
616595.0018614834	1.0087739372673825
630957.3444801943	1.0085897787401774
645654.2290346563	1.0084055790179303
660693.4480075964	1.0082111596123162
676082.9753919819	1.008008986375694
691830.9709189363	1.00780900264793
707945.7843841374	1.007611037435526
724435.9600749891	1.0074140828069182
741310.2413009192	1.0072116340247654
758577.5750291852	1.0069863878501089
776247.1166286927	1.0067442469910115
794328.2347242822	1.0065063766971125
812830.5161640996	1.0062719009119636
831763.7711026708	1.0060303274688172
851138.0382023759	1.0057825039719106
870963.5899560796	1.0055330557140314
891250.9381337477	1.0052832579248716
912010.8393559115	1.00503501489885
933254.3007969924	1.0047870317499057
954992.5860214368	1.004534529171636
977237.2209558112	1.0042792372264588
1.e6	1.0040275843263542
1.0232929922807537e6	1.0037780926115998
1.0471285480508985e6	1.0035255287251879
1.0715193052376092e6	1.003268693121035
1.0964781961431873e6	1.0030055990714792
1.1220184543019652e6	1.0027388284349086
1.1481536214968842e6	1.0024750551534334
1.1748975549395303e6	1.002214628269396
1.2022644346174132e6	1.0019554081998232
1.230268770812381e6	1.0016976904545922
1.258925411794166e6	1.0014458964326687
1.2882495516931324e6	1.001193061512623
1.3182567385564102e6	1.0009203708887466
1.348962882591656e6	1.0006312837994802
1.3803842646028867e6	1.0003446392495798
1.4125375446227554e6	1.0000534707508006
1.445439770745928e6	0.9997303952689485
1.4791083881682071e6	0.999386315495916
1.5135612484362072e6	0.9990535314530775
1.5488166189124796e6	0.9987373630374649
1.5848931924611174e6	0.9984396582892787
1.6218100973589332e6	0.9981550884568319
1.6595869074375632e6	0.9978710249565484
1.698243652461746e6	0.9975834572734537
1.7378008287493763e6	0.9972871374378749
1.778279410038923e6	0.9969850200261889
1.8197008586099825e6	0.9966854064330448
1.8620871366628655e6	0.9963908167330272
1.9054607179632522e6	0.996104599214416
1.9498445997580495e6	0.9958247052692923
1.9952623149688828e6	0.9955467685229951
2.0417379446695317e6	0.995266333182183
2.0892961308540408e6	0.9949729747142236
2.1379620895022326e6	0.9946713258055951
2.187761623949552e6	0.9943755981850783
2.238721138568338e6	0.9940871404988311
2.29086765276777e6	0.9938061899622828
2.3442288153199274e6	0.9935270859529539
2.3988329190194947e6	0.993236215629251
2.4547089156850334e6	0.9929340930052417
2.5118864315095823e6	0.9926248022696276
2.5703957827688647e6	0.9923140714723341
2.6302679918953814e6	0.9920135044053371
2.691534803926914e6	0.9917232191634346
2.7542287033381634e6	0.9914395477901675
2.8183829312644606e6	0.9911598763069144
2.8840315031266115e6	0.9908796200496818
2.95120922666639e6	0.9905978574036963
3.019951720402019e6	0.9903096902915736
3.090295432513592e6	0.9900254542933696
3.1622776601683795e6	0.9897689943655641
3.235936569296281e6	0.9895425596522807
3.3113112148259077e6	0.9893474224887812
3.3884415613920344e6	0.9891701992612376
3.467368504525324e6	0.9889852718043156
3.5481338923357604e6	0.9887803839875348
3.6307805477010175e6	0.988531115787946
3.715352290971728e6	0.9882548190028961
3.8018939632056127e6	0.9880003638145735
3.890451449942805e6	0.9877701900742983
3.9810717055349695e6	0.9875487510440129
4.073802778041122e6	0.9873400294594095
4.1686938347033635e6	0.9871586979841995
4.265795188015934e6	0.987007518867198
4.365158322401665e6	0.986866648510176
4.466835921509635e6	0.9867328322439824
4.5708818961487515e6	0.9866022477761631
4.677351412871981e6	0.986476372809436
4.786300923226381e6	0.9863618176036197
4.897788193684456e6	0.9862559987961326
5.011872336272735e6	0.9861467432343634
5.128613839913659e6	0.9860425120965685
5.248074602497734e6	0.9859691922558333
5.370317963702532e6	0.9859209378825858
5.495408738576248e6	0.9858741279925208
5.623413251903491e6	0.9858298738255263
5.754399373371567e6	0.9857978005468504
5.8884365535558835e6	0.9857802358592338
6.025595860743593e6	0.9857807993486625
6.165950018614835e6	0.9857964573590827
6.309573444801942e6	0.985817041197641
6.456542290346563e6	0.9858456890311561
6.606934480075965e6	0.9858958754352611
6.760829753919818e6	0.9859617965497006
6.918309709189363e6	0.9860219213094004
7.079457843841373e6	0.9860841079262714
7.244359600749891e6	0.9861740957089076
7.413102413009192e6	0.9862910166424185
7.585775750291851e6	0.9864267801939096
7.762471166286928e6	0.9865739359095576
7.943282347242822e6	0.9867119561067903
8.128305161640995e6	0.9868538330159606
8.317637711026709e6	0.9870347302297892
8.51138038202376e6	0.9872632692865804
8.709635899560796e6	0.9875467777252855
8.912509381337477e6	0.9878621071764435
9.120108393559115e6	0.9881687653222627
9.332543007969923e6	0.9884717023013724
9.54992586021437e6	0.9888015062559127
9.772372209558113e6	0.9891509989978329
1.e7	0.989495166905778
1.0232929922807537e7	0.989832087213453
1.0471285480508985e7	0.990153493024677
1.0715193052376091e7	0.9904868640002865
1.0964781961431874e7	0.990906559087117
1.1220184543019652e7	0.9913912632227228
1.1481536214968842e7	0.9918672382149515
1.1748975549395302e7	0.9923280769230762
1.202264434617413e7	0.9927847523555681
1.230268770812381e7	0.9932401570278487
1.2589254117941663e7	0.9937014775129809
1.2882495516931323e7	0.9941656143805435
1.3182567385564102e7	0.9946232802216203
1.348962882591656e7	0.9950735080389784
1.3803842646028867e7	0.9955079084859146
1.4125375446227554e7	0.9959471008296384
1.445439770745928e7	0.9964461048288505
1.4791083881682072e7	0.9969912700650155
1.5135612484362071e7	0.9975339761461626
1.5488166189124797e7	0.9980671643814089
1.5848931924611174e7	0.9985892838228604
1.621810097358933e7	0.9991071304227386
1.6595869074375631e7	0.9996355281918259
1.698243652461746e7	1.000180994280462
1.737800828749376e7	1.0007568498326467
1.7782794100389227e7	1.0013525012976499
1.8197008586099826e7	1.0019395881772313
1.8620871366628658e7	1.0025162861367842
1.9054607179632522e7	1.0030902276096645
1.9498445997580495e7	1.0036599767160599
1.995262314968883e7	1.004221207907652
2.0417379446695317e7	1.0047735152752963
2.0892961308540408e7	1.0053202785461202
2.1379620895022325e7	1.0058560632345923
2.187761623949552e7	1.0063704911660913
2.2387211385683376e7	1.006858654595317
2.29086765276777e7	1.0073102334810842
2.3442288153199274e7	1.0077338468889079
2.398832919019495e7	1.0081494662496895
2.4547089156850334e7	1.0085649384876296
2.5118864315095823e7	1.0089873408912227
2.5703957827688646e7	1.0094215937089643
2.6302679918953814e7	1.009878057097941
2.6915348039269138e7	1.0103485148179345
2.7542287033381633e7	1.0108140694068595
2.818382931264461e7	1.0112668889622733
2.8840315031266116e7	1.011695963317084
2.95120922666639e7	1.0121041757024063
3.019951720402019e7	1.012502605203394
3.090295432513592e7	1.0128932085971185
3.162277660168379e7	1.013276165843119
3.235936569296281e7	1.0136523101393975
3.3113112148259077e7	1.0140273980880599
3.3884415613920346e7	1.0143919151420275
3.467368504525324e7	1.0147222769475188
3.5481338923357606e7	1.01501999428995
3.6307805477010176e7	1.0152946171449955
3.715352290971728e7	1.0155532195635006
3.8018939632056125e7	1.0158107233772131
3.890451449942805e7	1.0160628563254588
3.981071705534969e7	1.016291572985505
4.073802778041122e7	1.0165016543611094
4.1686938347033635e7	1.0167112792120583
4.265795188015934e7	1.0169180243729445
4.365158322401665e7	1.0171100260034516
4.466835921509635e7	1.0172874186190697
4.570881896148752e7	1.0174530892439153
4.6773514128719814e7	1.0176101625602234
4.78630092322638e7	1.0177655868753115
4.8977881936844565e7	1.0179179073961446
5.011872336272735e7	1.0180600489978944
5.128613839913659e7	1.0181940250580117
5.2480746024977334e7	1.0183296489302953
5.370317963702533e7	1.0184609111417693
5.495408738576248e7	1.0185697249503125
5.623413251903491e7	1.0186589322201764
5.754399373371567e7	1.0187402252825764
5.888436553555884e7	1.0188171317193877
6.0255958607435934e7	1.018894264789393
6.1659500186148345e7	1.018970081431472
6.309573444801943e7	1.01903851389479
6.456542290346563e7	1.0190999823225149
6.606934480075964e7	1.0191569195502097
6.760829753919819e7	1.0192108299833467
6.918309709189363e7	1.0192653841337074
7.079457843841374e7	1.019318364017394
7.24435960074989e7	1.0193634621441228
7.413102413009192e7	1.0194003465154078
7.585775750291851e7	1.019429639246023
7.762471166286927e7	1.019453725821719
7.943282347242822e7	1.0194778568834404
8.128305161640996e7	1.0195022567531185
8.317637711026709e7	1.0195251814233475
8.511380382023759e7	1.0195467020599833
8.709635899560796e7	1.019567254114078
8.912509381337477e7	1.0195871194293358
9.120108393559115e7	1.0196067679270662
9.332543007969925e7	1.0196262639516878
9.549925860214369e7	1.0196470020714734
9.772372209558111e7	1.019665895296132
1.e8	1.0196745295017955