0.000016052535560522167       0.07897077215999025
0.00001821345069360376       0.07902154365005258
0.00002066525782905941       0.07902154365005258
0.000023447115449214385       0.07902154365005258
0.00002660345336295321       0.07902154365005258
0.000030184682306349235       0.07902154365005258
0.00003424799906631712       0.07902154365005258
0.00003885829998614026       0.07902154365005258
0.00004408921744271827       0.07902154365005258
0.00005002429584939662       0.07902154365005258
0.000056758325966642195       0.07902154365005258
0.00006439885883120265       0.07902154365005258
0.00007306792348313009       0.07902154365005258
0.00008290397592495393       0.07902154365005258
0.00009406411044036612       0.07902154365005258
0.00010672656858998901       0.07902154365005258
0.00012109358595609014       0.07902154365005258
0.0001373946221023767       0.07902154365005258
0.00015589002533544669       0.07902154365005258
0.00017687519079879495       0.07902154365005258
0.00020068527830944223       0.07902154365005258
0.0002277005652870378       0.07902154365005258
0.000258352520268533       0.07902154365005258
0.00029313069401019464       0.07902154365005258
0.0003325905382366188       0.07902154365005258
0.00037736227691214324       0.07902154365005258
0.0004281609717201442       0.07902154365005258
0.00048579794250875664       0.07902154365005258
0.0005511937251020534       0.07902154365005254
0.0006253927734294628       0.07902154365005254
0.0007095801407851302       0.07902154365005254
0.0008051004066381856       0.07902154365005254
0.0009134791512791976       0.07902154365005254
0.0010364473212802201       0.07902154365005254
0.0011759688749159156       0.07902154365005254
0.001334272149078293       0.07902154365005254
0.0015138854486546741       0.07902154365005254
0.0017176774267765084       0.07902154365005254
0.0019489029008631247       0.07902154365005254
0.002211254836200918       0.07902154365005254
0.002508923327301948       0.07902154365005254
0.0028466625190494126       0.07902154365005254
0.0032298665364457737       0.07902154365005254
0.0036646556356584883       0.07902154365005254
0.004157973952305114       0.07902154365005254
0.004717700408142533       0.07902154365005254
0.005352774547481102       0.07902154365005254
0.0060733393130918524       0.07902154365005254
0.006890903041919539       0.07902154365005254
0.00781852326787947       0.07902154365005254
0.008871015267302999       0.07902154365005254
0.010065188677767591       0.07902154365005254
0.011420115969416089       0.07902154365005254
0.01295743705659357       0.07902154365005254
0.014701704914838043       0.07902154365005254
0.016680777723167655       0.07902154365005254
0.018926263794677142       0.07902154365005254
0.02147402640155105       0.07902154365005254
0.024364756557192224       0.07902154365005254
0.02764462290352617       0.07902154365005254
0.03136600908300775       0.07902154365005254
0.03558835037210197       0.07902154365005254
0.04037908293833968       0.07902154365005254
0.04581472088179343       0.07902154365005254
0.05198207826269533       0.07902154365005254
0.05897965563253709       0.07902154365005254
0.0669192132133172       0.07902154365005254
0.07592755585061374       0.07902154365005254
0.0861485582484525       0.07902154365005254
0.09774546283155541       0.07902154365005254
0.11090348693475208       0.07902154365005254
0.12583278095969044       0.07902154365005254
0.1427717847443792       0.07902154365005254
0.16199103575105078       0.07902154365005254
0.18379748989396377       0.07902154365005254
0.2085394240162604       0.07902154365005254
0.23661199831468466       0.07902154365005254
0.26846356755115525       0.07902154365005254
0.30460284184929565       0.07897077215999021
0.345607011442949       0.07902154365005254
0.39213096513926166       0.07902154365005254
0.44491774972693937       0.07902154365005254
0.5048104373797228       0.0790215436500525
0.5727655905926583       0.0790215436500525
0.6498685397033213       0.0790215436500525
0.7373507169994831       0.0790215436500525
0.8366093242609589       0.0790215436500525
0.9492296478513752       0.0790215436500525
1.0770103777602535       0.0790215436500525
1.2219923349727668       0.0790215436500525
1.3864910659798741       0.0790215436500525
1.5731338250045974       0.0790215436500525
1.7849015345977841       0.0790215436500525
2.0251763947674326       0.0790215436500525
2.297795901020077       0.07922495623772793
2.6071141340510224       0.07953105731405094
2.9580712999579957       0.07963335359891766
3.35627263162386       0.07963335359891766
3.8080779114239944       0.07963335359891766
4.3207030450500605       0.07963335359891766
4.902335308713252       0.07963335359891766
5.562264110371929       0.07963335359891766
6.311029353406713       0.07942889243806543
7.160589772300131       0.0790215436500525
8.124513928855578       0.0790215436500525
9.218196919408946       0.07871740360236683
10.459106254122688       0.0773631944457533
11.867060835368097       0.07999242788313335
13.464547490835294       0.08372723165741511
15.277080116808515       0.08769275418614583
17.333607167581643       0.09155141584247044
19.666973999139       0.09545708552182439
22.31444745131924       0.09978557738499425
25.31831104670636       0.10397567663877359
28.72654031233366       0.10862060933865468
32.59356900994701       0.11310898123629991
36.98115851250175       0.11831391343202471
41.95938421194102       0.12320282767566587
47.60775471244647       0.1286240056454413
54.01648168410101       0.1341112269435897
61.28792065814416       0.13965291066123128
69.53820577515651       0.14579792613672607
78.89910459518003       0.1518225223748744
89.52012259345855       0.15829941425935248
101.57089095327179       0.1650526164555487
115.24387579195889       0.17165206003305838
130.7574520899153       0.17943560528889554
148.35939141713135       0.1868501625549542
168.33081916070122       0.19482136658012122
190.9907044552668       0.20326322668571753
216.7009545263076       0.21166237819145486
245.87219480941536       0.22126018726694174
278.97032716143417       0.23069935537487815
316.5239709064374       0.2408506017918197
359.1329055595354       0.2514485239424233
407.4776500695355       0.26217555494290545
462.3303315732114       0.27388779233948946
524.5670172489739       0.2853886230644871
595.1817062253656       0.2979463098105625
675.3022050130302       0.3106569801764345
766.2081400109096       0.32432652663784306
869.3513947694718       0.3381626019147038
986.3792984199712       0.35236239814850284
1119.1609356185193       0.36810357606893723
1269.8169982083637       0.383807221530718
1440.7536553693044       0.4004380815259816
1634.7009832037097       0.41725288934247845
1854.756567528699       0.4358929372121357
2104.4349762663105       0.454196530965905
2387.723891569108       0.474182113067176
2709.147798182432       0.4937760527772836
3073.84024522763       0.5158346400171776
3487.6258355192476       0.5374950682759668
3957.113251889404       0.5615067265730653
4489.800806268949       0.5850849728253109
5094.196197278022       0.611615591587585
5779.952389007418       0.6368884955986884
6558.021781148443       0.6666244796174976
7440.831132763478       0.6932787110686378
8442.480033454009       0.7256475241581862
9578.966091762242       0.7551469090907643
10868.440437352194       0.7888817852141073
12331.497617666299       0.8220077445578357
13991.504519075015       0.8581777770145002
15874.97356580947       0.8942135464845203
17823.41373020651       0.9287730432295093
21315.37918406409       0.9708881626926035
25151.516448547816       0.9999999999999964
31571.468387825473       0.9999999999999967
40938.29585206747       0.9999999999999964
43296.68205806528       0.9075302559308118
45957.388402171426       0.8267763242008701
48953.03676854401       0.7483826375689208
51057.84760266542       0.6848642475060298
54385.96007987916       0.6219218143512308
57931.00948610688       0.5611459574476938
61707.136458569286       0.5050093140957966
65729.40336607993       0.4565378722997061
70013.85439043227       0.41245360907507955
74577.57952408753       0.37430642228025357
79438.78273942947       0.33946915910746106
84616.85460151019       0.30906378479779684
90132.44961392514       0.28192480377850704
96877.5680448049       0.2560380182475656
103347.6211040333       0.23293419679697025
110084.14689656859       0.21371280373127544
117259.78081049751       0.1972150048759959
125091.07776467408       0.18075845498145515
135874.858257512       0.1641006461053814
147810.34585835572       0.14930658435818595
160794.26777660707       0.13643686175078754
174918.72033498556       0.1250978619393583
195699.8969700206       0.11442510913473247
210071.3141997453       0.10625910903127475
228937.02391082275       0.09866500788065984
260929.69398497738       0.09149259388601484
296054.7944575263       0.08590762642971335
335908.267022816       0.0810273009066533
381126.6223910428       0.07676882575601689
432432.0552829365       0.07306212442041089
490643.97879915166       0.07052456849462782
556692.1114910269       0.0690001758984583
631631.3261498365       0.06790036055373305
716658.4974686293       0.06703314357083871
813131.6176553292       0.06634735153041739
922591.4852976531       0.06571079489130982
1046786.3138788023       0.06512218669704975
1187699.6529731217       0.06453885099427185
1347582.0680588167       0.06404300962451748
1528987.0849147993       0.06355097772239651
1734811.9726792038       0.06318443614423161
1968344.0169272684       0.0626990005208473
2233313.0218082974       0.06257822547586096
2533950.879767765       0.06257822547586096
2875059.160259102       0.06257822547586096
3262085.796922503       0.06241755389734992
3701212.098023238       0.062217294419459675
4199451.469816487       0.062217294419459675
4764761.429576682       0.06205754954288245
5406170.697282453       0.061977830976738195
6133923.395772679       0.061977830976738195
6959642.662433926       0.06193801010404739
7896516.285506905       0.061977830976738195
8959507.329858871       0.062217294419459675
10165593.116185391       0.06229732099383844
11534036.370442308       0.06261845795258575
13086692.874109985       0.0626990005208473
14848360.528857507       0.0626990005208473
16847175.4106116       0.0626990005208473
19115061.13852119       0.06318443614423161
21688238.73580963       0.06326570669811633
24607805.125642397       0.06359183559608358
27920389.501328126       0.0639196456585179
31678898.053916417       0.06424914555166757
35943358.951446295       0.06470498309040609
40781881.06523503       0.06528982038147634
46271741.75528856       0.06634735153041739
52500621.08815518       0.06742201202853486
59568002.19924805       0.0687346063357956
67586760.16520774       0.07029829860125139
76684964.76262572       0.07231465204011236
87007925.90546905       0.07520607222001899
98720514.42946216       0.0790723477818647
112009795.28929491       0.08356595061487843
127088015.22417273       0.08882724738840234
144195992.60854393       0.0955798665528186
163606963.62821364       0.10397567663877348
177978488.35941586       0.11186189949988888
193612433.21332538       0.122118851443293
210619691.40385452       0.13286721368040882
229120897.2007353       0.14498030378319726
249247281.6010859       0.1595762909921499
268302947.29930124       0.1760090030781915
285791784.53993356       0.19270432658786948
304420599.67163295       0.21152638471632698
324263700.0696835       0.23263497163723673
345400236.6998178       0.25650861527375945
367914519.8387967       0.28265051794729656
391896355.3746856       0.31225838833068453
417441403.0282219       0.34452456469327786
444651557.92420125       0.38159354505031046
473635357.03489876       0.4234666573119344
504508412.1167417       0.467885271086798
526200524.43143785       0.5112797383287327
560499943.8763199       0.566217886470381
597035108.2884405       0.6311835305627385
635951750.6172035       0.7072300898282986
677405103.1479621       0.7863507495589139
721560516.6988714       0.8519129940331456
752585116.8723571       0.9359638998217565
