0.0000752323268712176  0.4517216270359725
0.00011237558204921032  0.4517381579827852
0.00015189300833157575  0.45170325120585963
0.00020530693198023126  0.4519698740894241
0.0002775041246607063  0.45193228107944294
0.0003750898153361912  0.45194304026446236
0.0005069919942305616  0.45194618845582435
0.0006852782232530023  0.45181883049123556
0.0009262596818269131  0.4517725072238237
0.001259923066410389  0.45130051024034334
0.001692249597511249  0.45051537865940183
0.0022873374938456024  0.4500338856369844
0.0030916909765830855  0.44945165887498234
0.004178899318707393  0.4487955607039516
0.005611302353655839  0.44812275353482567
0.007634727958982994  0.4473356215438326
0.01031951760637191  0.4464914870589105
0.013948426741639342  0.44558691233023767
0.01885345962748749  0.4446487596883699
0.025483371458961068  0.44365016680275143
0.03444472440318554  0.44259113367338215
0.04655738119746315  0.44141793563915027
0.06292951334415191  0.44015071944797274
0.08505898630629094  0.43865517344707006
0.11340640549909627  0.4370406694094762
0.14511410501022393  0.4354319327243135
0.17821174782151677  0.43390839914051155
0.2158810813138404  0.43226341316075256
0.25795526295911564  0.43059722884014684
0.2999005814517758  0.4290321694325322
0.34392343974599915  0.42734882354649034
0.38904317141578404  0.42568754685917576
0.4340955873877814  0.4239523065388511
0.4843652140295538  0.4220508555482118
0.533104162028454  0.4201862480381056
0.5787656583561477  0.4185123827773423
0.6283381581900791  0.41671539850153116
0.682156647232779  0.4149430380287295
0.7405848034190157  0.41321992516194705
0.8040174544660323  0.4114968122951646
0.8849212100793267  0.40975532380010626
1.0010150930003876  0.4079130621606713
1.2462804269343235  0.40695197089945245
1.5516398438150203  0.4087876959546122
1.707772636737076  0.4107200788685826
1.8591328332272392  0.4126006780170478
2.0073436238555993  0.414758239614982
2.126205314687108  0.4165019922087815
2.2459443264649828  0.41812753210333875
2.372426539777777  0.41975307199789597
2.5060317036000717  0.42137861189245324
2.654422423568148  0.4231519130498642
2.873895873900645  0.42530703071229364
3.094515351761692  0.42733406770948085
3.3412113159763908  0.42932172506664895
3.6273931151467402  0.4313783659618364
3.9380869892597117  0.4331764569254233
4.334354539912025  0.4348823008517056
4.836286351211025  0.43663748460798835
5.5462121128717605  0.43834976115696694
6.7185372612013285  0.4401024202817614
8.715558438466005  0.4415471833569561
11.620173215615223  0.44219112976084957
17.28691748237985  0.44197487626227694
23.365947061600394  0.4415806858141662
30.729275728266757  0.44134897725312583
45.092969372573954  0.4416925618874927
60.950133896565625  0.4424735984012026
82.38354833799731  0.4438053126913085
109.8393302693558  0.44539749936382533
144.4530819468527  0.4469949662784721
192.59463929970826  0.4485858098344611
260.32149171834243  0.45000482669887365
330.077890682173  0.4515522404449978
369.1436630839076  0.45143726173336685
475.59982176382147  0.4520087850639381
642.8468388980925  0.4522606336656968
868.9070924136873  0.45238354308078715
1174.462546227892  0.4524527278347657
1587.46807861869  0.45250848142346634
2145.7090383402706  0.45252729930765256
2900.258177929023  0.4526031996442701
3920.1482346136554  0.4524608435451209
5298.687647290062  0.45252667050778
7161.997226441976  0.4524178923218257
9290.832652467145  0.4524045345165329