25398.981050338723   0.9827326432054005
26826.361793191805   0.9471611584136393
27675.4386937658   0.9087517296377804
28776.525760565735   0.8765964862944002
29688.228701606105   0.847317683024945
30676.476549923795   0.8166907588308903
32097.093743738424   0.7856383784408572
33635.0325168419   0.7496615029763563
35191.734568779466   0.7165387510261377
36648.375534203624   0.6872643417115771
38404.47262765752   0.6561378116716368
39993.71478076849   0.6278743731368407
41780.02281731353   0.6029840887874975
43509.138404914804   0.5776183951849636
45594.084048666766   0.5517483026161866
47779.35138873057   0.5281483641327293
49678.67102183428   0.5054247492056253
51332.68307868977   0.4879261371271484
53708.84090021841   0.46715447175010866
56282.917131565046   0.44693740990556324
58980.105700348206   0.42714510498423947
61805.35063373618   0.4062987984805444
64766.348030624766   0.3870809956676875
67870.37176791733   0.3703292766935663
71122.39443140816   0.35337072345320136
74414.09267176656   0.3377575290008531
77494.20841822732   0.32395834209172125
81207.53410262907   0.3092861141660083
84437.14234914293   0.297228789959952
87247.50808922952   0.2862137675718339
91797.3916461006   0.27338262220248516
96410.62182638921   0.26035374772344366
100400.12695913018   0.24906017212006704
105046.40941667579   0.2378051663512446
110696.00967538629   0.22626745699477335
116258.76541746009   0.2153867412109994
121070.5325296812   0.2064347779314581
126673.502037251   0.19714753908856833
133485.8386316313   0.18744135080000005
140193.3666202258   0.1782800852378445
145996.18945354264   0.17099639795587496
153608.3488087115   0.162962264260599
160700.68749944394   0.15599774543336895
167742.31199943973   0.14881491909098965
175780.47629084313   0.1421498686622093
184201.84316901912   0.13542622548127908
194106.84438405195   0.1285748318730116
202591.55060448588   0.12294387335612814
211969.0215944701   0.1176604026745583
222124.12491038954   0.11209510337774213
234069.0959206819   0.10651218025452455
244301.15439678283   0.10190264857791251
255609.48192217527   0.0975439650507735
267853.6002592225   0.0927834483801934
282259.20111096377   0.08827518639739905
296444.17293184425   0.08408081741171287
308712.20013167465   0.08050138505298081
322999.6509784112   0.07692023178877683
340369.4199518782   0.07309470093557445
355247.09287494974   0.06987457580641392
371691.2588075229   0.06689992206976603
389500.9210500816   0.06383636225530627
408163.0576451525   0.060881019095676794
427718.4308231704   0.058031922834967054
448212.6464049854   0.055374456858136266
469687.8347262292   0.052810862747942625
494949.62640404154   0.050275084423252556
516582.9126032823   0.04803422945797184
539654.5483061094   0.04610090385434477
558482.7535760843   0.04424539250800504
584335.3264772507   0.042375196106791926
612340.4677130408   0.04054132313292039
640687.2574727962   0.03884405639939785
663042.1438805757   0.03730419484360185
697360.7169014551   0.0356522051402896
721317.5582827984   0.034253304882475674
751181.7878401631   0.03293703799070074
785953.5233800742   0.03153486442467305
823610.8720999529   0.030074938724418226
867910.006242477   0.028645937037984757
905830.6164997875   0.02726554326898518
947758.4997658408   0.02608831922855938
993170.5409919269   0.02489365227017239
1046587.4393063196   0.023698353035044212
1092334.5657853314   0.022656387688864004
1141108.633694157   0.021689590265568187
1180927.2961869594   0.020842937468763076
1235596.4736799612   0.019974553375459413
1294814.2758355506   0.019110113869195075
1354754.5051529454   0.018310066953171396
1402024.6556356985   0.017584216699651618
1474598.7721126692   0.01682322388463493
1513369.8145226191   0.016197211417800356
1585934.4805865728   0.015578075553637149
1661914.1137494207   0.014841237577957229
1741541.3149289563   0.014154153470923764
1825007.2775066101   0.013541603632736777
1912440.5133444453   0.012901090125541996
2004053.9043746213   0.012277932718103127
2100087.6023735227   0.011728034621681123
2213043.933524656   0.011170780576826652
2309771.782645913   0.010672877899808633
2416656.3578526923   0.010184132938276505
2532450.9386232253   0.00971776916012018
2653805.273507081   0.009282534427587445
2780974.8738993416   0.008866792777189252
2914207.0176861514   0.008447396323614338
3070911.3348332522   0.00802003126213948
3205145.5530430395   0.0076687925112631184
3353503.9586757333   0.007339228790109368
3514165.0728070694   0.0069920856230258465
3703143.194553173   0.006643843145629113
3865021.795241584   0.0063563172930830745
4043927.7544102725   0.006084438437476613
4237638.604254811   0.005787494689109937
4465545.678222638   0.005506285672436769
4689962.240591992   0.005244656161434373
4884089.221249364   0.005030914045618283
5110100.2088315515   0.004800532520149765
5384891.5687525375   0.004559382097260152
5620267.165941722   0.004358522381344873
5880463.822541773   0.004179573001874966
6162187.61979401   0.003981880539843674
6493580.076930417   0.0037855553028552282
6777421.8633661475   0.0036194394000819484
7091110.880775953   0.003461342050743978
7430802.8656643   0.0032941499051492166
7830462.7676515635   0.00313597725859304
8172695.950111372   0.002994307799334777
8537727.119032562   0.00287560702774164
8835603.008785972   0.0027598669658017044
9244609.499045111   0.0026432109034481956
9687671.184620913   0.0025288205646315878
10151923.524566423   0.002416833546769112
10621762.77385822   0.0023093192308433217
11061414.15708798   0.0022149712890120127
11411767.950655999   0.002136596812822381
11884241.764471186   0.002054492862402439
12434355.889195556   0.0019670303654995137
13030150.579931129   0.0018769538004583413
13654551.721508106   0.0017928897038680198
14308750.697851416   0.0017089864541026429
15171274.62587299   0.0016232714042105222
16231644.078232178   0.001570399669090762
17810007.627871126   0.0015429927515212792
19563789.192908447   0.0015172052682752356
21490268.594023693   0.0014918487619676863
23606553.38184599   0.0014684620449392594
25931130.60832411   0.0014439201666031575
28484735.603875   0.0014212847941653722
31289743.08393425   0.0013982676228700291
34370674.87455378   0.0013727281843062976
37755294.67438421   0.0013504973689976204
41473211.717612244   0.001328626573359942
45557149.000121556   0.0013064217149981747
50043454.091362715   0.001285941813987191
54971317.631346844   0.0012644503306662972
60384436.226355165   0.0012433180267812896
66330450.87792181   0.0012218951779425424
72862279.48450248   0.001202107046294957
80037151.34399262   0.0011820166633131062
87918923.74292012   0.0011634869772400162
96576448.82095362   0.001144042037590764
106086723.55573058   0.0011255147081938688
116533513.6276848   0.0011072874219101654
128007938.51653859   0.001087062753454908
140613399.56203362   0.0010694581820785212
154460504.22501817   0.001052693000167575
169670491.24446777   0.0010350997204335757
186379034.36909124   0.0010188731531868686
204731652.0030338   0.001001317576032498
224892408.39058125   0.0009851016154711861
247037944.10248205   0.0009686379662547086
271363019.0584072   0.0009514467174448785
298085878.60286707   0.0009365315224762128
327440309.7767682   0.0009218501430611407
359683910.73053426   0.0009064435929680736
395103444.6902899   0.0008917640807868691
434009014.0361143   0.0008763986419441794
476746615.4892105   0.0008617517064522861
523692660.81995326   0.0008473495599286064
575261562.6127933   0.0008331881113030973
631911263.7856691   0.0008201267775491345
698040365.0938839   0.000809094438136936
761653869.433244   0.0007973101474536596
837574871.3450742   0.0007801014700431336
920052285.1337553   0.0007670639145723674
1010649212.2476515   0.0007538471076592699
1110174331.9243352   0.0007420295498484686
1219495075.519056   0.0007296282766954217
1339586588.8407073   0.000718190381328261
1471501115.067674   0.00070655955892197
1616395354.0955846   0.0006940196403976537
1775568362.475355   0.0006827802540262931
1950411581.3350537   0.0006713691930578775
2142471907.5882509   0.0006601488410498603
2353454878.1606297   0.000649800128408296
2585203559.3350368   0.000638940252425027
2839785159.472237   0.0006289240126677027
3119416886.1348453   0.0006180874095104892
3426583760.058665   0.0006074375252026464
3764005256.7256904   0.0005972856401800254
4134671031.8527136   0.0005879223919687194
4541819079.437457   0.0005780966563533591
4989081177.85195   0.0005690342210302344
5480364437.186393   0.0005595241566266426
6020012221.878499   0.0005498833397392118
6612827249.100339   0.0005409781864052774
7263940939.558464   0.0005308175422262901
8362802990.583109   0.0005164770261556977
9186500227.799282   0.0005105271249907599
10091153913.273651   0.0005025239320989097
11084799145.48271   0.0004936052088497992
12176338059.989777   0.00048535576241473045
13375391469.260553   0.0004774956088631395
14692457233.50053   0.00046926817547160226
16139317871.977251   0.00046191177158537623
17728583791.878246   0.0004541920061754841
19474431314.641106   0.0004470719413299098
21392157575.720997   0.0004398317798245054
23498578265.016018   0.0004320257079742867
25812522999.171066   0.00042480541760334253
28354386862.637173   0.0004179258540533023
31146491279.808243   0.0004109412094729171
34213686340.731228   0.0004044991584914302
37708924626.44308   0.0003972006046948476
40514524474.52471   0.000412365967098128
42548908380.7633   0.00043398699747382996
44325597079.26019   0.00045347492650699573
46467180709.90807   0.0004749873293455372
48406689816.13682   0.0004943336722911839
50665388246.96534   0.0005162050778410804
53114078696.42535   0.0005426904361824842
55993483590.33405   0.0005704917748774216
58462521223.247765   0.0005967825233944733
61190354444.41214   0.0006229897958116269
64508223273.11087   0.0006564834796623279
67777680868.50677   0.000690737666727729
70607132314.95915   0.0007200083216803051
73902200367.36674   0.0007530534480491815
77909188182.65698   0.0007931815625914114
81856937402.09613   0.0008323109204976553
85274362831.49463   0.0008681293765179681
89254261956.07954   0.0009088337832659449
94093901335.36536   0.0009579114407547954
98862113878.4919   0.0010060752403066083
102989484296.86967   0.0010493716345513241
107794784952.63623   0.001095107910233035
113004818919.2652   0.0011519020402361716
119130966438.5732   0.0012108214059518478
124384148851.05193   0.0012668500795091214
130188358417.89178   0.00132373723186355
137247316434.6243   0.001394590244489573
144201975159.9519   0.0014638288809075274
150223652287.54886   0.001530367056532423
157234032008.06656   0.0016000982575761812
165758212392.40176   0.0016827021676688475
173067143762.3813   0.0017597716941426598
181142685907.98975   0.001837824992525213
189596840564.33246   0.0019237933352551134
196277193596.08514   0.0020032046564396515
205433534748.04584   0.002086553226329583
215358556882.3453   0.0021843864681517625
225406501267.1519   0.0022788714702152973
233349193579.59882   0.0023744401075388184
243850449680.8733   0.0024677699754845637
252441749855.16135   0.002568012292804133
264220674749.4343   0.0026810670931798676
276988241389.29785   0.0028126949603386607
292004426607.1188   0.0029572307083590957
304878361200.2379   0.003088489316001668
319107826299.9304   0.0032339820676435455
334530510575.0345   0.003399910644498
350692539457.6471   0.0035593239180534944
367639357184.34906   0.003736037282878468
385404280374.9323   0.003919459257070011
406300955274.2764   0.004128316291612179
426891456168.6017   0.0043388251917290226
444709620601.2398   0.00451554653765641
465466175953.9193   0.00473025785113599
490706083304.1353   0.004987946336040036
515571683471.94977   0.005236375882938848
537094772294.9465   0.005458272210668596
562156083530.9895   0.005699769182881614
589329253169.7456   0.00600168740821755
621276077531.8945   0.0063048753135858575
648672259521.9614   0.006597813858700615
678935486227.2076   0.006878851432976413
711751936642.7278   0.007239412062141739
750336069870.6543   0.007607415439031517
783423073428.7562   0.00796015415488635
819979338169.3804   0.008314972131240593
864438734513.4886   0.008758053767693142
902562236625.0634   0.009176564666651777
944663555390.0736   0.009550328251774277
990319746057.381   0.010040334795460652
1044017593764.0759   0.010581723665447886
1096921205392.248   0.011108756764545476
1142716302794.1885   0.011586821518728111
1196033351973.1545   0.012091826653045373
1253835703920.0125   0.012705538384597872
1321811125590.4968   0.01336346336935817
1380100072076.9392   0.013988148029687168
1444500480935.609   0.014616277530558677
1514307584203.0005   0.0153500291652816
1596389976127.3342   0.01610970324623391
1666792782078.5105   0.016876471061826666
1744584827823.456   0.01766776641612783
1839164579917.963   0.018579852021912285
1920260578111.376   0.01943082875730572
2009849491520.7795   0.020260629859708286
2103665263985.7754   0.021241902563957103
2177786892712.4512   0.0221187366376407
2279380762996.6406   0.02303904453558459
2389503506846.5283   0.024119287486955045
2500990130325.406   0.025162560259975018
2589118001393.7637   0.026217798182361928
2705641323466.1987   0.02726554326898518
2800966047305.2666   0.028373086219670197
2931651465514.112   0.029603473989167448
3073293703927.342   0.03100783357037013
3239931116770.931   0.032667527330267
3404106386612.6875   0.03428940519470148
3546257210451.523   0.03584802621569388
3711747858916.802   0.03748144214189169
3912974068577.0215   0.03941639436258981
4085512481648.4326   0.04122170661998014
4276147905072.6323   0.04305006320586948
4475709481691.237   0.04503535320339303
4633408941852.416   0.04689434545186117
4849570242602.78   0.04887638847074124
5083865446931.011   0.051168079606300855
5321062417462.88   0.0533813400241239
5508575958407.998   0.055655148081347
5798052713646.535   0.05835154342340562
6044158502860.249   0.06083294054598742
6247202372504.302   0.06303452328233815
6538727645609.873   0.06588586852061151
6893207478121.484   0.06927154077618244
7197134838923.61   0.072391941866203
7533024345337.6   0.07575429270194411
7897083193458.438   0.0795991458809248
8325174499630.25   0.08362026472088649
8692286648221.27   0.08750544840353018
9097876336076.855   0.09137705832439319
9537582487856.951   0.09606541618407693
10054593989608.896   0.10089558654440355
10497990971503.756   0.10564063351578208
10987822198901.48   0.11027976544799972
11583583481362.818   0.11615626607494917
12094443015624.572   0.12170689006335515
12658687578544.78   0.12686433341123587
13270404244615.326   0.13316289565213385
13989961891497.184   0.14034322490110762
14698971668921.3   0.1475661343577168
15312496934894.504   0.15357653688020345
16027129514738.76   0.16070962633488017
16801694688344.05   0.16886632473001412
17712494188467.242   0.17739696349871056
18493555510211.74   0.1856392214039715
19356480964730.77   0.19385268313008622
20291948293739.78   0.20369153289559289
21391976542504.297   0.21404585052608527
22335340127897.84   0.22411227314733612
23377647468314.29   0.23432395269735237
24507187293027.527   0.24556935296276805
25691192507322.332   0.2570834833426503
26932458072840.2   0.2692792699970584
28234181726966.53   0.28324454385222425
29764795766266.23   0.29773239809960245
31273070344027.91   0.3125612514540482
32578682174141.555   0.3260123082203907
34099184519274.53   0.34129820679448947
35947947592777.61   0.3592416866868389
37769820613911.76   0.37781570375064155
39346663695589.07   0.39407498238714483
41182506938707.305   0.41125052005205426
43172697701965.57   0.43189570421320317
45512939264860.27   0.45347492650699484
47520397905839.266   0.47574558557909385
49737869751672.27   0.497108659273868
52434325272663.47   0.5227715326646225
54746360853391.336   0.5467150178817762
57301021992692.97   0.5712649318927104
60070546242272.5   0.6008916878543609
63327053631647.27   0.6316270766943207
66119514520003.836   0.6608545309795554
69204291413580.65   0.6890765808562691
72434235465830.55   0.7215376443675865
74986614576274   0.7517966433287342
78484946873097.28   0.7835721862895979
82276756403513.55   0.8203119186956844
86115527820227.83   0.8557942724186882
89149997265230.08   0.891683568288719
93798395488984.02   0.9313315944187265
100642104307824.39   0.997891312318971