3.406842139557413e-8    0.8974251925665243
3.99951392133875e-8    0.7671343221525643
5.266242785990929e-8    0.5826329267359157
5.75438395093621e-8    0.49536770782133466
6.752003436246543e-8    0.37773085007697516
7.765306489381572e-8    0.32644660918607016
9.953738291610026e-8    0.2458780527980887
1.241598354112757e-7    0.21228307690464315
1.79875739493752e-7    0.16519560603844974
2.5160244960781903e-7    0.14621060422915336
3.8945277708928775e-7    0.12131393392695561
5.914869706286389e-7    0.11195336087173285
0.0000011869410350488964    0.10087741097970132
0.000002843865315103526    0.09775299466237071
0.000004105826261066705    0.09910761721367828
0.000006235782307771494    0.10179781900751612
0.000012355923173800772    0.11040763757055246
0.000018765734890923798    0.11275201164730463
0.000029981598747238387    0.1106327026426774
0.000043285887988930925    0.10825591798880423
0.00006450407414664749    0.10181782737925313
0.00011623143155502717    0.08853955200534404
0.000173206585968935    0.0801927833024008
0.00030047041518033526    0.06645282832520645
0.00044775715227610434    0.05994940874609593
0.0007767474700326657    0.04977992071239865
0.0011357195442598706    0.045006513563354354
0.001933120170960023    0.037941942269703335
0.002935953884648013    0.035580154799980813
0.0060427219185669465    0.03173425876066486
0.009177470266555588    0.03082709830474604
0.018888886854352117    0.03176212825494556
0.028687766839229127    0.033600890801001454
0.046653641221108065    0.0372581564595247
0.0661724930717232    0.040611585233103306
0.09139450004083911    0.0434814424713887
0.1469464594552519    0.051141942683238434
0.21485743102079466    0.05674049997274427
0.35207809561057124    0.06982008654230142
0.5051038699727832    0.07874860226551904
0.8121191681827636    0.09723487585211524
1.1650953008502782    0.10947595304172991
1.7695051378092974    0.13248707369105525
2.352855560330591    0.15839107986646736
3.5734330054285754    0.19725490923094494
4.935466502774696    0.22539632458974865
7.177322202539861    0.2847641577948352
9.41484852955073    0.32980726361473794
25.66789433916591    0.700089479880914
29.994156712884095    0.9187431807913635
15.531184859490894    0.4624558107352981