0.03585359535548194    0.9106935063070197
0.04635478687656921    0.7970200609464266
0.06744147494702704    0.6196653517458226
0.08633191483395448    0.5510530308116663
0.1361949097298781    0.4276529498995763
0.1855713365720168    0.37353023480406655
0.2685260039273549    0.2958514480138156
0.32631779375501896    0.2609052664075667
0.5320722422524476    0.20499881116800636
0.6879113558350466    0.17955895422581844
1.0200336814873776    0.14211598554395313
1.3195988141728618    0.1240591619853762
2.0211510250189204    0.09833180476400753
2.791523771643555    0.08608103754158702
4.159892859175514    0.06768796357776694
5.745458731254393    0.059566094638357964
8.242641266542844    0.04759094758136375
11.384368981763297    0.04165732923324552
17.621744630339553    0.033246108049960164
24.80510274006177    0.029580534374263903
37.67310426056461    0.023904989450531905
55.083643593797646    0.021344941792891925
90.263316673086    0.017896270195075968
137.08870209344116    0.01700978150991962
204.2878225523356    0.01862263643141153
269.9206209355768    0.02031317057859671
348.6653111021362    0.023724750130360635
408.2241200539651    0.03000079940372459
506.19486974102256    0.04553433096531925
567.0958504654392    0.05594269778100989
597.506682324933    0.07333068852718869
640.3165761289961    0.08684348905715897
669.6380796646395    0.1143536345778902
729.3956585626765    0.1415879568097394
773.7995626186926    0.18059166532506196
782.0086739699138    0.2114012771428976
803.7622502369459    0.27443650688380455
813.5760568087998    0.33006070297399287
836.5334889056725    0.37961472827320086
856.578491783062    0.46501332032860204
866.1533691604019    0.5363331366072591
889.7465045471934    0.6373252744627097
916.131730432401    0.8025389982053004
931.9814445444175    1.0245941853618856
