0.9857340314681636   0.07758824319047046
1.205377956333163   0.07758824319047046
1.4952953717406585   0.07758824319047046
1.854943702098892   0.07758824319047046
2.4372241668479644   0.07758824319047046
2.9802930522601896   0.07758824319047046
3.750619127506494   0.07758824319047046
4.268400976693   0.07758824319047046
4.7200538983739735   0.06675592159647425
5.295036458604555   0.054627957893237405
5.85532090704194   0.044703356829140554
6.760101210377267   0.036581819801850136
8.266405258864259   0.027080274434544215
9.681874266369539   0.02107703534473482
10.892805705131469   0.016759792503515
12.29713386677994   0.01120215380751194
13.409764355362643   0.00862130306818447
15.05141996015221   0.006635051425882488
16.60390927226461   0.005106409909955297
18.744527402771872   0.004091511402660684
19.973789803190183   0.003699491120827872
20.55888498975337   0.0027903906946535164
23.614956488482317   0.002734743883504598
26.505956259158776   0.002734743883504598
30.270755013950787   0.002375079616757435
35.17438223467364   0.002147515939400666
42.558314403613906   0.001865081905876996
53.30761552436125   0.0015248051696024334
63.39043727758908   0.0013242679505358567
74.51481125939546   0.0011973857683540757
85.09859348177814   0.0011046906310711814
100.03252705083553   0.0010826605579910996
131.2225911661452   0.0009988468266890211
156.9462402877849   0.0009594054552990662
196.5874342651318   0.0009215215016588148
253.45430631714157   0.0008674818701090805
368.89922091889986   0.0007687237079181854
443.7699204670354   0.0007092132714979803
616.7418146247462   0.000654309811558981
823.1788667295464   0.000568257197996406
1164.0273753592041   0.0004935219331425511
1704.0372100990553   0.00042006801630878587
2409.617206363139   0.00035754669949922995
3982.245949472846   0.00029826175959887633
5897.386507173364   0.0002590353816876197
10148.324130703286   0.00021608463691239412