2.8537910715604017e-9  4.492395966238387e-10
4.025247601294227e-9  4.1128884794561664e-10
4.980351621933091e-9  5.016396972999484e-10
5.677576895236981e-9  7.299599789759404e-10
6.472410353391281e-9  1.2396115633862656e-9
7.500357086875645e-9  2.2993404652152096e-9
8.55037100491785e-9  2.8670219594529457e-9
9.747381821282573e-9  3.131569929527081e-9
1.0238270758127944e-8  4.55689757454032e-9
1.0931458745046482e-8  6.070791608461244e-9
1.2259373079419358e-8  9.030987719736398e-9
1.3089400956838003e-8  1.6751469668552143e-8
1.3975626347198668e-8  2.6625094813426778e-8
1.5673335224954287e-8  2.3323542866046624e-8
1.593214681788316e-8  3.393920567248055e-8
1.6462661734007175e-8  4.326255698808119e-8
1.78675267731327e-8  5.89211230732837e-8
2.0368894584754573e-8  9.160654213263627e-8
2.1047146080029526e-8  1.4242360165235027e-7
2.1747982261426222e-8  1.8973961815350497e-7
2.2472155162741483e-8  2.527749774571424e-7
2.399364530174916e-8  2.6417981257480236e-7
2.6471192037306422e-8  5.593890147984754e-7
2.873014947918649e-8  0.0000012937767254468859
3.017703160526199e-8  0.0000025080866992650954