0.005190821657535128   0.8768553852669255
0.006772203259303607   0.7405071107615145
0.008188900807211534   0.6688991646677055
0.011097332846693826   0.5702886067085446
0.01685423284590867   0.5353042348140103
0.025597606987947056   0.5006970832950094
0.04004261182889085   0.4819293195134768
0.058209376784285095   0.4748363969924399
0.09244209920344122   0.46220274590287813
0.20684796542790318   0.445787400340762
0.28568919663125647   0.4414697090451798
0.5147901856364014   0.434318691758933
0.9820088171080169   0.42462169442280173
1.491439924252143   0.4229284631891314
2.2651456981862963   0.42531308508126187
3.1885135634062864   0.42925343651263137
5.637351917146386   0.4291666102968436
31.155575756492343   0.4345614195856315
119.26276456278879   0.4353768048363732
192.9717750009185   0.4315044728493538
293.0786409207098   0.43116391036480856
404.78716482034696   0.43212927130934015
702.2052123067333   0.4310301915112243
1391.3881574556078   0.43092557090196537
2113.1906475872916   0.43086164858652387
3209.438494299413   0.43079773575314284
4616.887112346698   0.43117637075540954
